# WAVELENGTH THROUGHPUT
# 
# From MIRI_endtoend_throughputs_v4.0/MIRI_F1280W_endtoend_throughput_perphoton_ETC4.0.fits
# via https://jwst-docs.stsci.edu/jwst-mid-infrared-instrument/miri-technical-library#MIRITechnicalLibrary-Technicaldata
# Retrieved 31 March 2026
#
# July 25, 2024
# MIRI Imager F1280W end-to-end throughput (per photon)
# Computed using Pandeia Data Version 4.0
# Includes optical telescope element (OTE) transmission
# Includes detector quantum efficiency (QE)
    
108774.0 0
108832.0 0
108890.0 0
108948.0 0
109006.0 0
109064.0 0
109122.0 0
109180.0 0
109238.0 0
109296.0 0
109354.0 0
109412.0 0
109470.0 0
109528.0 0
109586.0 0
109644.0 0
109702.0 0
109760.0 0
109818.0 0
109876.0 0
109934.0 0
109992.0 0
110050.0 0
110108.0 0
110166.0 0
110224.0 0
110282.0 0
110340.0 0
110398.0 0
110456.0 0
110514.0 0
110572.0 0
110630.0 0
110688.0 0
110746.0 0
110804.0 0
110862.0 0
110920.0 0
110978.0 0
111036.0 0
111094.0 0
111152.0 0
111210.0 0
111268.0 0
111326.0 0
111384.0 0
111442.0 0
111500.0 0
111558.0 0
111616.0 0
111674.0 0.0010805
111732.0 0.001226
111790.0 0.0013715
111848.0 0.0015426
111906.0 0.0017189
111964.0 0.0018951
112022.0 0.0020809
112080.0 0.0022825
112138.0 0.002484
112196.0 0.0026852
112254.0 0.0029017
112312.0 0.0031193
112370.0 0.0033366
112428.0 0.0035545
112486.0 0.003773
112544.0 0.0039914
112602.0 0.0042094
112660.0 0.0044217
112718.0 0.0046338
112776.0 0.0048457
112834.0 0.0050599
112892.0 0.0052755
112950.0 0.005491
113008.0 0.0057087
113066.0 0.0059414
113124.0 0.0061739
113182.0 0.0064062
113240.0 0.0066617
113298.0 0.0069275
113356.0 0.007193
113414.0 0.0074781
113472.0 0.0078247
113530.0 0.0081711
113588.0 0.0085171
113646.0 0.0089691
113704.0 0.0094483
113762.0 0.009927
113820.0 0.010464
113878.0 0.011112
113936.0 0.011759
113994.0 0.012406
114052.0 0.013255
114110.0 0.014127
114168.0 0.014999
114226.0 0.016023
114284.0 0.017237
114342.0 0.01845
114400.0 0.019662
114458.0 0.021565
114516.0 0.023468
114574.0 0.025368
114632.0 0.027729
114690.0 0.030462
114748.0 0.033194
114806.0 0.036036
114864.0 0.039864
114922.0 0.043689
114980.0 0.04751
115038.0 0.052317
115096.0 0.057645
115154.0 0.062973
115212.0 0.068912
115270.0 0.077187
115328.0 0.085463
115386.0 0.093742
115444.0 0.10386
115502.0 0.11456
115560.0 0.12527
115618.0 0.13665
115676.0 0.14954
115734.0 0.16243
115792.0 0.17532
115850.0 0.18992
115908.0 0.2048
115966.0 0.21968
116024.0 0.23453
116082.0 0.24931
116140.0 0.2641
116198.0 0.27889
116256.0 0.2915
116314.0 0.30403
116372.0 0.31656
116430.0 0.32764
116488.0 0.33737
116546.0 0.3471
116604.0 0.35656
116662.0 0.3623
116720.0 0.36803
116778.0 0.37377
116836.0 0.37729
116894.0 0.37945
116952.0 0.38161
117010.0 0.38354
117068.0 0.38438
117126.0 0.38522
117184.0 0.38606
117242.0 0.3863
117300.0 0.3863
117358.0 0.3863
117416.0 0.38623
117474.0 0.38599
117532.0 0.38574
117590.0 0.38549
117648.0 0.38534
117706.0 0.3852
117764.0 0.38506
117822.0 0.38496
117880.0 0.38492
117938.0 0.38487
117996.0 0.38483
118054.0 0.38488
118112.0 0.38494
118170.0 0.38499
118228.0 0.38506
118286.0 0.38514
118344.0 0.38522
118402.0 0.3853
118460.0 0.38539
118518.0 0.38549
118576.0 0.38559
118634.0 0.38569
118692.0 0.38581
118750.0 0.38592
118808.0 0.38604
118866.0 0.38618
118924.0 0.38632
118982.0 0.38646
119040.0 0.3866
119098.0 0.38673
119156.0 0.38686
119214.0 0.387
119272.0 0.38712
119330.0 0.38725
119388.0 0.38738
119446.0 0.3875
119504.0 0.38762
119562.0 0.38774
119620.0 0.38787
119678.0 0.38803
119736.0 0.38818
119794.0 0.38833
119852.0 0.38851
119910.0 0.38869
119968.0 0.38887
120026.0 0.389
120084.0 0.38906
120142.0 0.38912
120200.0 0.38918
120258.0 0.38925
120316.0 0.38933
120374.0 0.3894
120432.0 0.38946
120490.0 0.38952
120548.0 0.38957
120606.0 0.38963
120664.0 0.38967
120722.0 0.3897
120780.0 0.38974
120838.0 0.38974
120896.0 0.38972
120954.0 0.3897
121012.0 0.38967
121070.0 0.3896
121128.0 0.38953
121186.0 0.38945
121244.0 0.38934
121302.0 0.38922
121360.0 0.3891
121418.0 0.38896
121476.0 0.38877
121534.0 0.38857
121592.0 0.38838
121650.0 0.38814
121708.0 0.38791
121766.0 0.38767
121824.0 0.38742
121882.0 0.38715
121940.0 0.38688
121998.0 0.38661
122056.0 0.3863
122114.0 0.38599
122172.0 0.38568
122230.0 0.38535
122288.0 0.38501
122346.0 0.38468
122404.0 0.38434
122462.0 0.38398
122520.0 0.38363
122578.0 0.38328
122636.0 0.38292
122694.0 0.38255
122752.0 0.38219
122810.0 0.38182
122868.0 0.38149
122926.0 0.38115
122984.0 0.38082
123042.0 0.3805
123100.0 0.38018
123158.0 0.37987
123216.0 0.37956
123274.0 0.37928
123332.0 0.379
123390.0 0.37872
123448.0 0.37849
123506.0 0.37828
123564.0 0.37806
123622.0 0.37787
123680.0 0.37771
123738.0 0.37755
123796.0 0.37739
123854.0 0.37734
123912.0 0.3773
123970.0 0.37727
124028.0 0.37728
124086.0 0.37735
124144.0 0.37743
124202.0 0.3775
124260.0 0.37764
124318.0 0.37779
124376.0 0.37793
124434.0 0.37813
124492.0 0.37838
124550.0 0.37863
124608.0 0.37888
124666.0 0.37916
124724.0 0.37944
124782.0 0.37972
124840.0 0.38002
124898.0 0.38032
124956.0 0.38063
125014.0 0.38096
125072.0 0.38138
125130.0 0.3818
125188.0 0.38222
125246.0 0.38263
125304.0 0.38303
125362.0 0.38343
125420.0 0.38383
125478.0 0.3842
125536.0 0.38458
125594.0 0.38496
125652.0 0.38525
125710.0 0.38554
125768.0 0.38583
125826.0 0.3861
125884.0 0.38634
125942.0 0.38659
126000.0 0.38683
126058.0 0.38699
126116.0 0.38715
126174.0 0.38731
126232.0 0.38742
126290.0 0.38748
126348.0 0.38755
126406.0 0.38761
126464.0 0.38762
126522.0 0.38764
126580.0 0.38765
126638.0 0.38761
126696.0 0.38753
126754.0 0.38746
126812.0 0.38738
126870.0 0.38727
126928.0 0.38716
126986.0 0.38705
127044.0 0.38692
127102.0 0.38677
127160.0 0.38662
127218.0 0.38646
127276.0 0.38625
127334.0 0.38604
127392.0 0.38583
127450.0 0.38561
127508.0 0.38539
127566.0 0.38517
127624.0 0.38495
127682.0 0.38472
127740.0 0.38449
127798.0 0.38426
127856.0 0.38408
127914.0 0.3839
127972.0 0.38371
128030.0 0.38355
128088.0 0.3834
128146.0 0.38324
128204.0 0.3831
128262.0 0.38308
128320.0 0.38306
128378.0 0.38303
128436.0 0.38303
128494.0 0.38305
128552.0 0.38306
128610.0 0.38309
128668.0 0.38317
128726.0 0.38326
128784.0 0.38334
128842.0 0.38346
128900.0 0.3836
128958.0 0.38373
129016.0 0.38388
129074.0 0.38404
129132.0 0.3842
129190.0 0.38435
129248.0 0.38457
129306.0 0.38479
129364.0 0.38502
129422.0 0.38525
129480.0 0.38549
129538.0 0.38573
129596.0 0.38597
129654.0 0.38625
129712.0 0.38652
129770.0 0.38679
129828.0 0.38705
129886.0 0.38729
129944.0 0.38754
130002.0 0.38777
130060.0 0.38774
130118.0 0.3877
130176.0 0.38767
130234.0 0.38756
130292.0 0.38739
130350.0 0.38722
130408.0 0.38704
130466.0 0.38682
130524.0 0.38659
130582.0 0.38637
130640.0 0.38605
130698.0 0.38569
130756.0 0.38533
130814.0 0.38495
130872.0 0.38455
130930.0 0.38415
130988.0 0.38374
131046.0 0.38331
131104.0 0.38287
131162.0 0.38244
131220.0 0.38199
131278.0 0.38154
131336.0 0.38109
131394.0 0.38064
131452.0 0.38018
131510.0 0.37972
131568.0 0.37927
131626.0 0.37881
131684.0 0.37835
131742.0 0.37789
131800.0 0.37743
131858.0 0.377
131916.0 0.37657
131974.0 0.37614
132032.0 0.37573
132090.0 0.37535
132148.0 0.37496
132206.0 0.37459
132264.0 0.37424
132322.0 0.3739
132380.0 0.37356
132438.0 0.37323
132496.0 0.37292
132554.0 0.3726
132612.0 0.37229
132670.0 0.37201
132728.0 0.37174
132786.0 0.37146
132844.0 0.37119
132902.0 0.37092
132960.0 0.37066
133018.0 0.37042
133076.0 0.37022
133134.0 0.37003
133192.0 0.36984
133250.0 0.36965
133308.0 0.36947
133366.0 0.36929
133424.0 0.36913
133482.0 0.36898
133540.0 0.36882
133598.0 0.36867
133656.0 0.36851
133714.0 0.36836
133772.0 0.3682
133830.0 0.36804
133888.0 0.36787
133946.0 0.36771
134004.0 0.36754
134062.0 0.36732
134120.0 0.3671
134178.0 0.36688
134236.0 0.36665
134294.0 0.36641
134352.0 0.36617
134410.0 0.36592
134468.0 0.36559
134526.0 0.36526
134584.0 0.36494
134642.0 0.3646
134700.0 0.36425
134758.0 0.36391
134816.0 0.36354
134874.0 0.36312
134932.0 0.3627
134990.0 0.36227
135048.0 0.36226
135106.0 0.36232
135164.0 0.36239
135222.0 0.36244
135280.0 0.36247
135338.0 0.36249
135396.0 0.36252
135454.0 0.36254
135512.0 0.36256
135570.0 0.36258
135628.0 0.36259
135686.0 0.36261
135744.0 0.36262
135802.0 0.36263
135860.0 0.36267
135918.0 0.36271
135976.0 0.36275
136034.0 0.3628
136092.0 0.36286
136150.0 0.36291
136208.0 0.36297
136266.0 0.3631
136324.0 0.36322
136382.0 0.36335
136440.0 0.36349
136498.0 0.36363
136556.0 0.36377
136614.0 0.36393
136672.0 0.36413
136730.0 0.36433
136788.0 0.36453
136846.0 0.36474
136904.0 0.36495
136962.0 0.36516
137020.0 0.36539
137078.0 0.36566
137136.0 0.36593
137194.0 0.3662
137252.0 0.36646
137310.0 0.36672
137368.0 0.36697
137426.0 0.36721
137484.0 0.36741
137542.0 0.36761
137600.0 0.36781
137658.0 0.36792
137716.0 0.36803
137774.0 0.36814
137832.0 0.36813
137890.0 0.36801
137948.0 0.3679
138006.0 0.36776
138064.0 0.36738
138122.0 0.367
138180.0 0.36663
138238.0 0.36598
138296.0 0.3652
138354.0 0.36442
138412.0 0.36356
138470.0 0.36243
138528.0 0.36129
138586.0 0.36016
138644.0 0.35873
138702.0 0.35722
138760.0 0.3557
138818.0 0.35413
138876.0 0.35248
138934.0 0.35081
138992.0 0.34915
139050.0 0.34739
139108.0 0.34561
139166.0 0.34383
139224.0 0.34221
139282.0 0.34081
139340.0 0.33942
139398.0 0.33802
139456.0 0.33684
139514.0 0.33568
139572.0 0.33451
139630.0 0.33371
139688.0 0.33324
139746.0 0.33277
139804.0 0.33232
139862.0 0.33218
139920.0 0.33205
139978.0 0.33191
140036.0 0.33134
140094.0 0.33052
140152.0 0.32969
140210.0 0.3288
140268.0 0.32765
140326.0 0.32649
140384.0 0.32533
140442.0 0.32101
140500.0 0.31548
140558.0 0.30994
140616.0 0.30399
140674.0 0.29698
140732.0 0.28996
140790.0 0.28293
140848.0 0.27209
140906.0 0.26044
140964.0 0.24876
141022.0 0.23655
141080.0 0.22349
141138.0 0.2104
141196.0 0.19728
141254.0 0.18459
141312.0 0.17191
141370.0 0.1592
141428.0 0.14653
141486.0 0.1339
141544.0 0.12125
141602.0 0.1087
141660.0 0.099881
141718.0 0.091042
141776.0 0.082185
141834.0 0.073936
141892.0 0.066112
141950.0 0.058272
142008.0 0.050866
142066.0 0.046257
142124.0 0.041638
142182.0 0.037009
142240.0 0.033035
142298.0 0.029351
142356.0 0.02566
142414.0 0.022355
142472.0 0.020283
142530.0 0.018207
142588.0 0.016126
142646.0 0.014476
142704.0 0.012936
142762.0 0.011393
142820.0 0.010071
142878.0 0.0091757
142936.0 0.0082781
142994.0 0.0073786
143052.0 0.0067124
143110.0 0.006072
143168.0 0.0054303
143226.0 0.0048966
143284.0 0.0044964
143342.0 0.0040954
143400.0 0.0036936
143458.0 0.0034129
143516.0 0.0031316
143574.0 0.0028498
143632.0 0.0026177
143690.0 0.0024261
143748.0 0.0022341
143806.0 0.0020478
143864.0 0.0019138
143922.0 0.0017795
143980.0 0.001645
144038.0 0.0015319
144096.0 0.0014301
144154.0 0.0013281
144212.0 0.0012317
144270.0 0.0011578
144328.0 0.0010838
144386.0 0.0010096
144444.0 0
144502.0 0
144560.0 0
144618.0 0
144676.0 0
144734.0 0
144792.0 0
144850.0 0
144908.0 0
144966.0 0
145024.0 0
145082.0 0
145140.0 0
145198.0 0
145256.0 0
145314.0 0
145372.0 0
145430.0 0
145488.0 0
145546.0 0
145604.0 0
145662.0 0
145720.0 0
145778.0 0
145836.0 0
145894.0 0
145952.0 0
146010.0 0
146068.0 0
146126.0 0
146184.0 0
146242.0 0
146300.0 0
146358.0 0
146416.0 0
146474.0 0
146532.0 0
146590.0 0
146648.0 0
146706.0 0
146764.0 0
146822.0 0
146880.0 0
146938.0 0
146996.0 0
147054.0 0
147112.0 0
147170.0 0
147228.0 0
147286.0 0
