# WAVELENGTH THROUGHPUT
# 
# From MIRI_endtoend_throughputs_v4.0/MIRI_F770W_endtoend_throughput_perphoton_ETC4.0.fits
# via https://jwst-docs.stsci.edu/jwst-mid-infrared-instrument/miri-technical-library#MIRITechnicalLibrary-Technicaldata
# Retrieved 31 March 2026
#
# July 25, 2024
# MIRI Imager F770W end-to-end throughput (per photon)
# Computed using Pandeia Data Version 4.0
# Includes optical telescope element (OTE) transmission
# Includes detector quantum efficiency (QE)
    
61562.0 0
61620.0 0
61678.0 0
61736.0 0
61794.0 0
61852.0 0
61910.0 0
61968.0 0
62026.0 0
62084.0 0
62142.0 0
62200.0 0
62258.0 0
62316.0 0
62374.0 0
62432.0 0
62490.0 0
62548.0 0
62606.0 0
62664.0 0
62722.0 0
62780.0 0
62838.0 0
62896.0 0
62954.0 0
63012.0 0
63070.0 0
63128.0 0
63186.0 0
63244.0 0
63302.0 0
63360.0 0
63418.0 0
63476.0 0
63534.0 0
63592.0 0
63650.0 0
63708.0 0
63766.0 0
63824.0 0
63882.0 0
63940.0 0
63998.0 0
64056.0 0
64114.0 0
64172.0 0
64230.0 0
64288.0 0
64346.0 0
64404.0 0
64462.0 0.0012086
64520.0 0.0014887
64578.0 0.0017692
64636.0 0.0023673
64694.0 0.0031604
64752.0 0.0039545
64810.0 0.0050466
64868.0 0.0075656
64926.0 0.010088
64984.0 0.012614
65042.0 0.018716
65100.0 0.02617
65158.0 0.033615
65216.0 0.043818
65274.0 0.061273
65332.0 0.078704
65390.0 0.096113
65448.0 0.11473
65506.0 0.13357
65564.0 0.15239
65622.0 0.16688
65680.0 0.17433
65738.0 0.18177
65796.0 0.18919
65854.0 0.19478
65912.0 0.20022
65970.0 0.20565
66028.0 0.21381
66086.0 0.22488
66144.0 0.23594
66202.0 0.24707
66260.0 0.26052
66318.0 0.27396
66376.0 0.28737
66434.0 0.29381
66492.0 0.29533
66550.0 0.29684
66608.0 0.29784
66666.0 0.29566
66724.0 0.29348
66782.0 0.2913
66840.0 0.28706
66898.0 0.2819
66956.0 0.27675
67014.0 0.27249
67072.0 0.27105
67130.0 0.26961
67188.0 0.26817
67246.0 0.26867
67304.0 0.26966
67362.0 0.27066
67420.0 0.27327
67478.0 0.27897
67536.0 0.28466
67594.0 0.29035
67652.0 0.2985
67710.0 0.30692
67768.0 0.31533
67826.0 0.32229
67884.0 0.32746
67942.0 0.33263
68000.0 0.33779
68058.0 0.34029
68116.0 0.34279
68174.0 0.34528
68232.0 0.34586
68290.0 0.34489
68348.0 0.34392
68406.0 0.34309
68464.0 0.34343
68522.0 0.34377
68580.0 0.34411
68638.0 0.34094
68696.0 0.33592
68754.0 0.33091
68812.0 0.32659
68870.0 0.32492
68928.0 0.32325
68986.0 0.32158
69044.0 0.32054
69102.0 0.3197
69160.0 0.31886
69218.0 0.31843
69276.0 0.3189
69334.0 0.31936
69392.0 0.31983
69450.0 0.32184
69508.0 0.32409
69566.0 0.32635
69624.0 0.3277
69682.0 0.32779
69740.0 0.32789
69798.0 0.32798
69856.0 0.32899
69914.0 0.33004
69972.0 0.33108
70030.0 0.33247
70088.0 0.33418
70146.0 0.33589
70204.0 0.33767
70262.0 0.3404
70320.0 0.34314
70378.0 0.34588
70436.0 0.34759
70494.0 0.34866
70552.0 0.34974
70610.0 0.35078
70668.0 0.35161
70726.0 0.35244
70784.0 0.35327
70842.0 0.35419
70900.0 0.35513
70958.0 0.35608
71016.0 0.35689
71074.0 0.35733
71132.0 0.35777
71190.0 0.35822
71248.0 0.35797
71306.0 0.35758
71364.0 0.35719
71422.0 0.3568
71480.0 0.35643
71538.0 0.35605
71596.0 0.35567
71654.0 0.35442
71712.0 0.3531
71770.0 0.35179
71828.0 0.35114
71886.0 0.35122
71944.0 0.35129
72002.0 0.35138
72060.0 0.35199
72118.0 0.3526
72176.0 0.35321
72234.0 0.35408
72292.0 0.35514
72350.0 0.35619
72408.0 0.35733
72466.0 0.35893
72524.0 0.36054
72582.0 0.36215
72640.0 0.36337
72698.0 0.36442
72756.0 0.36547
72814.0 0.36607
72872.0 0.36524
72930.0 0.36442
72988.0 0.36359
73046.0 0.36253
73104.0 0.36141
73162.0 0.36029
73220.0 0.35924
73278.0 0.35833
73336.0 0.35741
73394.0 0.35649
73452.0 0.35466
73510.0 0.35271
73568.0 0.35077
73626.0 0.34948
73684.0 0.34902
73742.0 0.34855
73800.0 0.34808
73858.0 0.34865
73916.0 0.34922
73974.0 0.34979
74032.0 0.35089
74090.0 0.35241
74148.0 0.35393
74206.0 0.35551
74264.0 0.35759
74322.0 0.35967
74380.0 0.36175
74438.0 0.36405
74496.0 0.36648
74554.0 0.36891
74612.0 0.37097
74670.0 0.37163
74728.0 0.37229
74786.0 0.37295
74844.0 0.37256
74902.0 0.37183
74960.0 0.3711
75018.0 0.37019
75076.0 0.36885
75134.0 0.36752
75192.0 0.36618
75250.0 0.36433
75308.0 0.3624
75366.0 0.36046
75424.0 0.35865
75482.0 0.35701
75540.0 0.35537
75598.0 0.35373
75656.0 0.35275
75714.0 0.35179
75772.0 0.35083
75830.0 0.35023
75888.0 0.34997
75946.0 0.34971
76004.0 0.34952
76062.0 0.35022
76120.0 0.35093
76178.0 0.35164
76236.0 0.35271
76294.0 0.35401
76352.0 0.35531
76410.0 0.35666
76468.0 0.35824
76526.0 0.35983
76584.0 0.36142
76642.0 0.36292
76700.0 0.36438
76758.0 0.36585
76816.0 0.36722
76874.0 0.3683
76932.0 0.36938
76990.0 0.37047
77048.0 0.37103
77106.0 0.37149
77164.0 0.37194
77222.0 0.37227
77280.0 0.37238
77338.0 0.37249
77396.0 0.3726
77454.0 0.37267
77512.0 0.37273
77570.0 0.3728
77628.0 0.37282
77686.0 0.37279
77744.0 0.37277
77802.0 0.37275
77860.0 0.37287
77918.0 0.373
77976.0 0.37312
78034.0 0.37336
78092.0 0.37368
78150.0 0.374
78208.0 0.37431
78266.0 0.37461
78324.0 0.3749
78382.0 0.37519
78440.0 0.37539
78498.0 0.37555
78556.0 0.37572
78614.0 0.37577
78672.0 0.3755
78730.0 0.37522
78788.0 0.37495
78846.0 0.37442
78904.0 0.37383
78962.0 0.37323
79020.0 0.37258
79078.0 0.37182
79136.0 0.37106
79194.0 0.3703
79252.0 0.36971
79310.0 0.36915
79368.0 0.36858
79426.0 0.36818
79484.0 0.36798
79542.0 0.36778
79600.0 0.36757
79658.0 0.36788
79716.0 0.36818
79774.0 0.36849
79832.0 0.36908
79890.0 0.36992
79948.0 0.37075
80006.0 0.3716
80064.0 0.37264
80122.0 0.37369
80180.0 0.37473
80238.0 0.37575
80296.0 0.37675
80354.0 0.37776
80412.0 0.3787
80470.0 0.37941
80528.0 0.38012
80586.0 0.38083
80644.0 0.3812
80702.0 0.38146
80760.0 0.38172
80818.0 0.38182
80876.0 0.38156
80934.0 0.38131
80992.0 0.38105
81050.0 0.38049
81108.0 0.37988
81166.0 0.37926
81224.0 0.3786
81282.0 0.37787
81340.0 0.37713
81398.0 0.3764
81456.0 0.37583
81514.0 0.37526
81572.0 0.3747
81630.0 0.3743
81688.0 0.37406
81746.0 0.37383
81804.0 0.37362
81862.0 0.37379
81920.0 0.37396
81978.0 0.37413
82036.0 0.37446
82094.0 0.37488
82152.0 0.3753
82210.0 0.37573
82268.0 0.37623
82326.0 0.37673
82384.0 0.37724
82442.0 0.37762
82500.0 0.37796
82558.0 0.3783
82616.0 0.37853
82674.0 0.37849
82732.0 0.37844
82790.0 0.3784
82848.0 0.37798
82906.0 0.37748
82964.0 0.37698
83022.0 0.37637
83080.0 0.37556
83138.0 0.37475
83196.0 0.37395
83254.0 0.37296
83312.0 0.37196
83370.0 0.37096
83428.0 0.37003
83486.0 0.36917
83544.0 0.36831
83602.0 0.36745
83660.0 0.36686
83718.0 0.36627
83776.0 0.36568
83834.0 0.36529
83892.0 0.36504
83950.0 0.36479
84008.0 0.3646
84066.0 0.36479
84124.0 0.36499
84182.0 0.36518
84240.0 0.36558
84298.0 0.36606
84356.0 0.36655
84414.0 0.36705
84472.0 0.36762
84530.0 0.36818
84588.0 0.36874
84646.0 0.36926
84704.0 0.36977
84762.0 0.37028
84820.0 0.37073
84878.0 0.37104
84936.0 0.37135
84994.0 0.37165
85052.0 0.3715
85110.0 0.37128
85168.0 0.37107
85226.0 0.37071
85284.0 0.37017
85342.0 0.36962
85400.0 0.36908
85458.0 0.36823
85516.0 0.36739
85574.0 0.36654
85632.0 0.36556
85690.0 0.36448
85748.0 0.36339
85806.0 0.36226
85864.0 0.36075
85922.0 0.35924
85980.0 0.35773
86038.0 0.35545
86096.0 0.35277
86154.0 0.35009
86212.0 0.34657
86270.0 0.33985
86328.0 0.33313
86386.0 0.32641
86444.0 0.31492
86502.0 0.3019
86560.0 0.28889
86618.0 0.27398
86676.0 0.25481
86734.0 0.23565
86792.0 0.21649
86850.0 0.19585
86908.0 0.17497
86966.0 0.15409
87024.0 0.13493
87082.0 0.11819
87140.0 0.10146
87198.0 0.084736
87256.0 0.073513
87314.0 0.062489
87372.0 0.051466
87430.0 0.043073
87488.0 0.037134
87546.0 0.031197
87604.0 0.025449
87662.0 0.022255
87720.0 0.019063
87778.0 0.01587
87836.0 0.01356
87894.0 0.01179
87952.0 0.01002
88010.0 0.0083883
88068.0 0.0074204
88126.0 0.0064527
88184.0 0.0054851
88242.0 0.0048275
88300.0 0.004288
88358.0 0.0037485
88416.0 0.0032675
88474.0 0.0029395
88532.0 0.0026117
88590.0 0.0022838
88648.0 0.0020632
88706.0 0.0018649
88764.0 0.0016667
88822.0 0.001496
88880.0 0.0013704
88938.0 0.0012447
88996.0 0.0011191
89054.0 0.0010276
89112.0 0
89170.0 0
89228.0 0
89286.0 0
89344.0 0
89402.0 0
89460.0 0
89518.0 0
89576.0 0
89634.0 0
89692.0 0
89750.0 0
89808.0 0
89866.0 0
89924.0 0
89982.0 0
90040.0 0
90098.0 0
90156.0 0
90214.0 0
90272.0 0
90330.0 0
90388.0 0
90446.0 0
90504.0 0
90562.0 0
90620.0 0
90678.0 0
90736.0 0
90794.0 0
90852.0 0
90910.0 0
90968.0 0
91026.0 0
91084.0 0
91142.0 0
91200.0 0
91258.0 0
91316.0 0
91374.0 0
91432.0 0
91490.0 0
91548.0 0
91606.0 0
91664.0 0
91722.0 0
91780.0 0
91838.0 0
91896.0 0
91954.0 0
