# v7
# Dated Jan 2025 (post-flight)
# filters+DBS+QE+OTE (nrc_plus_ote)
# Units of transmission are PCE (photon to electron conversion efficiency)
# 
20483.0  0.000000e+00
20493.0  0.000000e+00
20503.0  5.298196e-06
20513.0  4.010258e-06
20523.0  5.989551e-06
20533.0  6.174124e-06
20543.0  4.523231e-06
20553.0  4.806091e-06
20563.0  5.735048e-06
20573.0  5.883433e-06
20583.0  6.356768e-06
20593.0  6.797700e-06
20603.0  7.468069e-06
20613.0  6.652488e-06
20623.0  8.218040e-06
20633.0  9.998331e-06
20643.0  1.023187e-05
20653.0  1.022320e-05
20663.0  1.143698e-05
20673.0  1.211548e-05
20683.0  1.380182e-05
20693.0  1.621774e-05
20703.0  1.514092e-05
20713.0  1.909005e-05
20723.0  2.256808e-05
20733.0  2.975352e-05
20743.0  3.384545e-05
20753.0  3.847227e-05
20763.0  5.057637e-05
20773.0  6.056406e-05
20783.0  7.634892e-05
20793.0  1.005770e-04
20803.0  1.312722e-04
20813.0  1.723051e-04
20823.0  2.332427e-04
20833.0  3.213983e-04
20843.0  4.451246e-04
20853.0  6.376037e-04
20863.0  9.258865e-04
20873.0  1.396126e-03
20883.0  2.103937e-03
20893.0  3.234420e-03
20903.0  5.011563e-03
20913.0  7.536804e-03
20923.0  1.125529e-02
20933.0  1.610942e-02
20943.0  2.226977e-02
20953.0  2.981990e-02
20963.0  3.876331e-02
20973.0  4.887279e-02
20983.0  5.927611e-02
20993.0  6.922935e-02
21003.0  7.767159e-02
21013.0  8.579384e-02
21023.0  9.540585e-02
21033.0  1.063489e-01
21043.0  1.184946e-01
21053.0  1.343429e-01
21063.0  1.517581e-01
21073.0  1.733767e-01
21083.0  1.960811e-01
21093.0  2.253593e-01
21103.0  2.555176e-01
21113.0  2.889260e-01
21123.0  3.231242e-01
21133.0  3.535463e-01
21143.0  3.836258e-01
21153.0  4.051697e-01
21163.0  4.219726e-01
21173.0  4.353418e-01
21183.0  4.431544e-01
21193.0  4.452777e-01
21203.0  4.489534e-01
21213.0  4.479784e-01
21223.0  4.493590e-01
21233.0  4.489536e-01
21243.0  4.451374e-01
21253.0  4.416787e-01
21263.0  4.344337e-01
21273.0  4.212599e-01
21283.0  4.021191e-01
21293.0  3.769131e-01
21303.0  3.447336e-01
21313.0  3.126571e-01
21323.0  2.763285e-01
21333.0  2.431785e-01
21343.0  2.111618e-01
21353.0  1.819514e-01
21363.0  1.566886e-01
21373.0  1.350364e-01
21383.0  1.181113e-01
21393.0  1.026569e-01
21403.0  8.971750e-02
21413.0  7.758545e-02
21423.0  6.584128e-02
21433.0  5.530002e-02
21443.0  4.560081e-02
21453.0  3.741647e-02
21463.0  2.982164e-02
21473.0  2.340555e-02
21483.0  1.800107e-02
21493.0  1.341457e-02
21503.0  9.728128e-03
21513.0  6.803308e-03
21523.0  4.628146e-03
21533.0  3.048203e-03
21543.0  2.006007e-03
21553.0  1.315650e-03
21563.0  8.734839e-04
21573.0  5.963260e-04
21583.0  4.179054e-04
21593.0  2.951459e-04
21603.0  2.173835e-04
21613.0  1.604835e-04
21623.0  1.202091e-04
21633.0  9.397058e-05
21643.0  7.125087e-05
21653.0  5.713815e-05
21663.0  4.559703e-05
21673.0  3.754350e-05
21683.0  2.969922e-05
21693.0  2.500473e-05
21703.0  2.247997e-05
21713.0  1.973029e-05
21723.0  1.577712e-05
21733.0  1.504620e-05
21743.0  1.263200e-05
21753.0  1.182767e-05
21763.0  9.699524e-06
21773.0  9.813683e-06
21783.0  8.982468e-06
21793.0  7.822399e-06
21803.0  9.576343e-06
21813.0  8.720743e-06
21823.0  8.001004e-06
21833.0  6.605177e-06
21843.0  7.633923e-06
21853.0  6.170136e-06
21863.0  8.922248e-06
21873.0  5.595956e-06
21883.0  5.533709e-06
21893.0  6.320088e-06
21903.0  7.406387e-06
21913.0  8.495331e-06
21923.0  6.727090e-06
21933.0  5.943281e-06
21943.0  7.684511e-06
21953.0  3.928607e-06
21963.0  5.014862e-06
21973.0  7.989363e-06
21983.0  8.469216e-06
21993.0  6.262270e-06
22003.0  4.788725e-06
22013.0  8.315905e-06
22023.0  8.233012e-06
22033.0  8.040147e-06
22043.0  8.250048e-06
22053.0  6.259135e-06
22063.0  6.639636e-06
22073.0  5.981751e-06
22083.0  7.867107e-06
22093.0  5.250543e-06
22103.0  3.542150e-06
22113.0  6.488184e-06
22123.0  9.233895e-06
22133.0  5.334850e-06
22143.0  8.040348e-06
22153.0  6.146852e-06
22163.0  9.138619e-06
22173.0  6.312196e-06
22183.0  1.028178e-05
22193.0  9.485098e-06
22203.0  7.238353e-06
22213.0  7.901462e-06
22223.0  6.629345e-06
22233.0  7.943518e-06
22243.0  5.262104e-06
22253.0  6.899698e-06
22263.0  6.556566e-06
22273.0  6.485275e-06
22283.0  4.592760e-06
22293.0  1.246130e-05
22303.0  7.554084e-06
22313.0  1.049327e-05
22323.0  9.071088e-06
22333.0  7.202468e-06
22343.0  4.436096e-06
22353.0  8.779662e-06
22363.0  6.398866e-06
22373.0  9.271301e-06
22383.0  6.367944e-06
22393.0  9.220848e-06
22403.0  6.093256e-06
22413.0  8.565862e-06
22423.0  1.056399e-05
22433.0  7.573807e-06
22443.0  8.408491e-06
22453.0  1.301963e-05
22463.0  9.971177e-06
22473.0  9.600145e-06
22483.0  4.403130e-06
22493.0  1.115773e-05
22503.0  8.898411e-06
22513.0  0.000000e+00
22523.0  0.000000e+00
