# WAVELENGTH THROUGHPUT
# 
# From MIRI_endtoend_throughputs_v4.0/MIRI_F1800W_endtoend_throughput_perphoton_ETC4.0.fits
# via https://jwst-docs.stsci.edu/jwst-mid-infrared-instrument/miri-technical-library#MIRITechnicalLibrary-Technicaldata
# Retrieved 31 March 2026
#
# July 25, 2024
# MIRI Imager F1800W end-to-end throughput (per photon)
# Computed using Pandeia Data Version 4.0
# Includes optical telescope element (OTE) transmission
# Includes detector quantum efficiency (QE)
    
154710.0 0
154768.0 0
154826.0 0
154884.0 0
154942.0 0
155000.0 0
155058.0 0
155116.0 0
155174.0 0
155232.0 0
155290.0 0
155348.0 0
155406.0 0
155464.0 0
155522.0 0
155580.0 0
155638.0 0
155696.0 0
155754.0 0
155812.0 0
155870.0 0
155928.0 0
155986.0 0
156044.0 0
156102.0 0
156160.0 0
156218.0 0
156276.0 0
156334.0 0
156392.0 0
156450.0 0
156508.0 0
156566.0 0
156624.0 0
156682.0 0
156740.0 0
156798.0 0
156856.0 0
156914.0 0
156972.0 0
157030.0 0
157088.0 0
157146.0 0
157204.0 0
157262.0 0
157320.0 0
157378.0 0
157436.0 0
157494.0 0
157552.0 0
157610.0 0.00092546
157668.0 0.00094715
157726.0 0.00096883
157784.0 0.00099047
157842.0 0.0010126
157900.0 0.0010348
157958.0 0.001057
158016.0 0.0010808
158074.0 0.0011085
158132.0 0.0011362
158190.0 0.0011638
158248.0 0.0011976
158306.0 0.0012327
158364.0 0.0012677
158422.0 0.0013059
158480.0 0.0013495
158538.0 0.0013931
158596.0 0.0014366
158654.0 0.0014925
158712.0 0.0015492
158770.0 0.0016059
158828.0 0.0016668
158886.0 0.0017322
158944.0 0.0017975
159002.0 0.0018632
159060.0 0.0019414
159118.0 0.0020195
159176.0 0.0020975
159234.0 0.0021823
159292.0 0.0022719
159350.0 0.0023614
159408.0 0.0024518
159466.0 0.0025486
159524.0 0.0026452
159582.0 0.0027418
159640.0 0.0028521
159698.0 0.0029684
159756.0 0.0030847
159814.0 0.0032034
159872.0 0.0033302
159930.0 0.0034569
159988.0 0.0035834
160046.0 0.0037287
160104.0 0.003879
160162.0 0.0040293
160220.0 0.0041899
160278.0 0.00437
160336.0 0.0045502
160394.0 0.0047304
160452.0 0.0049292
160510.0 0.00513
160568.0 0.0053309
160626.0 0.005555
160684.0 0.0058075
160742.0 0.00606
160800.0 0.0063126
160858.0 0.0066103
160916.0 0.0069081
160974.0 0.007206
161032.0 0.0075328
161090.0 0.0078833
161148.0 0.0082339
161206.0 0.0085922
161264.0 0.0090174
161322.0 0.0094428
161380.0 0.0098682
161438.0 0.010335
161496.0 0.010825
161554.0 0.011314
161612.0 0.011823
161670.0 0.012408
161728.0 0.012992
161786.0 0.013576
161844.0 0.014245
161902.0 0.014942
161960.0 0.015638
162018.0 0.016373
162076.0 0.017194
162134.0 0.018015
162192.0 0.018836
162250.0 0.019806
162308.0 0.0208
162366.0 0.021794
162424.0 0.022872
162482.0 0.024067
162540.0 0.025264
162598.0 0.02646
162656.0 0.027889
162714.0 0.029328
162772.0 0.030766
162830.0 0.032354
162888.0 0.034081
162946.0 0.035808
163004.0 0.037559
163062.0 0.039627
163120.0 0.041695
163178.0 0.043764
163236.0 0.046086
163294.0 0.048563
163352.0 0.05104
163410.0 0.053599
163468.0 0.056549
163526.0 0.059498
163584.0 0.062448
163642.0 0.065787
163700.0 0.069274
163758.0 0.072761
163816.0 0.076421
163874.0 0.080532
163932.0 0.084644
163990.0 0.088757
164048.0 0.093423
164106.0 0.098206
164164.0 0.10299
164222.0 0.10803
164280.0 0.11349
164338.0 0.11896
164396.0 0.12442
164454.0 0.13051
164512.0 0.13664
164570.0 0.14277
164628.0 0.14918
164686.0 0.15588
164744.0 0.16259
164802.0 0.1693
164860.0 0.17645
164918.0 0.18359
164976.0 0.19074
165034.0 0.19809
165092.0 0.20559
165150.0 0.21309
165208.0 0.22062
165266.0 0.22827
165324.0 0.23592
165382.0 0.24358
165440.0 0.25118
165498.0 0.25876
165556.0 0.26635
165614.0 0.27388
165672.0 0.28121
165730.0 0.28855
165788.0 0.2959
165846.0 0.3029
165904.0 0.30981
165962.0 0.31672
166020.0 0.32342
166078.0 0.32968
166136.0 0.33595
166194.0 0.34223
166252.0 0.3478
166310.0 0.3533
166368.0 0.3588
166426.0 0.36393
166484.0 0.36859
166542.0 0.37326
166600.0 0.37793
166658.0 0.38172
166716.0 0.38551
166774.0 0.38931
166832.0 0.39266
166890.0 0.39564
166948.0 0.39862
167006.0 0.40153
167064.0 0.40377
167122.0 0.40602
167180.0 0.40827
167238.0 0.4101
167296.0 0.41171
167354.0 0.41332
167412.0 0.41482
167470.0 0.41593
167528.0 0.41703
167586.0 0.41814
167644.0 0.41896
167702.0 0.41969
167760.0 0.42042
167818.0 0.42106
167876.0 0.42151
167934.0 0.42196
167992.0 0.42241
168050.0 0.42271
168108.0 0.42299
168166.0 0.42326
168224.0 0.4235
168282.0 0.4237
168340.0 0.4239
168398.0 0.42409
168456.0 0.42425
168514.0 0.42441
168572.0 0.42457
168630.0 0.42472
168688.0 0.42487
168746.0 0.42502
168804.0 0.42516
168862.0 0.42533
168920.0 0.4255
168978.0 0.42566
169036.0 0.42583
169094.0 0.426
169152.0 0.42618
169210.0 0.42635
169268.0 0.42652
169326.0 0.4267
169384.0 0.42687
169442.0 0.42705
169500.0 0.42724
169558.0 0.42742
169616.0 0.42761
169674.0 0.4278
169732.0 0.428
169790.0 0.42819
169848.0 0.42839
169906.0 0.4286
169964.0 0.42881
170022.0 0.42895
170080.0 0.42899
170138.0 0.42904
170196.0 0.42908
170254.0 0.42914
170312.0 0.42921
170370.0 0.42928
170428.0 0.42936
170486.0 0.42945
170544.0 0.42954
170602.0 0.42963
170660.0 0.42974
170718.0 0.42985
170776.0 0.42996
170834.0 0.43008
170892.0 0.43019
170950.0 0.43031
171008.0 0.43042
171066.0 0.43054
171124.0 0.43065
171182.0 0.43077
171240.0 0.43088
171298.0 0.431
171356.0 0.43111
171414.0 0.43122
171472.0 0.43133
171530.0 0.43143
171588.0 0.43153
171646.0 0.43162
171704.0 0.43171
171762.0 0.4318
171820.0 0.43188
171878.0 0.43195
171936.0 0.43202
171994.0 0.43208
172052.0 0.43213
172110.0 0.43218
172168.0 0.43222
172226.0 0.43226
172284.0 0.43229
172342.0 0.43232
172400.0 0.43236
172458.0 0.43239
172516.0 0.43242
172574.0 0.43245
172632.0 0.43249
172690.0 0.43254
172748.0 0.43259
172806.0 0.43265
172864.0 0.43272
172922.0 0.43279
172980.0 0.43287
173038.0 0.43296
173096.0 0.43306
173154.0 0.43316
173212.0 0.43326
173270.0 0.43336
173328.0 0.43346
173386.0 0.43356
173444.0 0.43365
173502.0 0.43373
173560.0 0.43382
173618.0 0.4339
173676.0 0.43395
173734.0 0.43401
173792.0 0.43406
173850.0 0.43408
173908.0 0.43409
173966.0 0.4341
174024.0 0.4341
174082.0 0.43408
174140.0 0.43405
174198.0 0.43403
174256.0 0.43397
174314.0 0.43392
174372.0 0.43386
174430.0 0.4338
174488.0 0.43373
174546.0 0.43366
174604.0 0.43359
174662.0 0.43352
174720.0 0.43345
174778.0 0.43338
174836.0 0.43332
174894.0 0.43326
174952.0 0.43321
175010.0 0.43314
175068.0 0.433
175126.0 0.43287
175184.0 0.43273
175242.0 0.43261
175300.0 0.43249
175358.0 0.43238
175416.0 0.43227
175474.0 0.43217
175532.0 0.43207
175590.0 0.43197
175648.0 0.43188
175706.0 0.43179
175764.0 0.4317
175822.0 0.43161
175880.0 0.43152
175938.0 0.43144
175996.0 0.43135
176054.0 0.43127
176112.0 0.43118
176170.0 0.43109
176228.0 0.43101
176286.0 0.43092
176344.0 0.43083
176402.0 0.43074
176460.0 0.43066
176518.0 0.43057
176576.0 0.43048
176634.0 0.43039
176692.0 0.43029
176750.0 0.4302
176808.0 0.43011
176866.0 0.43002
176924.0 0.42993
176982.0 0.42984
177040.0 0.42974
177098.0 0.42965
177156.0 0.42956
177214.0 0.42947
177272.0 0.42938
177330.0 0.42928
177388.0 0.42919
177446.0 0.4291
177504.0 0.42901
177562.0 0.42891
177620.0 0.42882
177678.0 0.42872
177736.0 0.42863
177794.0 0.42853
177852.0 0.42843
177910.0 0.42833
177968.0 0.42822
178026.0 0.42812
178084.0 0.42801
178142.0 0.42789
178200.0 0.42778
178258.0 0.42766
178316.0 0.42754
178374.0 0.42742
178432.0 0.42729
178490.0 0.42716
178548.0 0.42703
178606.0 0.42689
178664.0 0.42675
178722.0 0.42661
178780.0 0.42647
178838.0 0.42633
178896.0 0.42618
178954.0 0.42603
179012.0 0.42589
179070.0 0.42574
179128.0 0.42559
179186.0 0.42544
179244.0 0.42529
179302.0 0.42514
179360.0 0.42499
179418.0 0.42483
179476.0 0.42468
179534.0 0.42453
179592.0 0.42437
179650.0 0.42422
179708.0 0.42406
179766.0 0.42391
179824.0 0.42375
179882.0 0.4236
179940.0 0.42344
179998.0 0.42328
180056.0 0.42328
180114.0 0.42328
180172.0 0.42329
180230.0 0.42329
180288.0 0.4233
180346.0 0.4233
180404.0 0.4233
180462.0 0.42331
180520.0 0.42332
180578.0 0.42332
180636.0 0.42333
180694.0 0.42335
180752.0 0.42336
180810.0 0.42337
180868.0 0.42339
180926.0 0.42342
180984.0 0.42344
181042.0 0.42346
181100.0 0.42349
181158.0 0.42352
181216.0 0.42355
181274.0 0.42359
181332.0 0.42363
181390.0 0.42367
181448.0 0.42371
181506.0 0.42375
181564.0 0.42379
181622.0 0.42382
181680.0 0.42386
181738.0 0.4239
181796.0 0.42394
181854.0 0.42398
181912.0 0.42401
181970.0 0.42405
182028.0 0.42408
182086.0 0.42412
182144.0 0.42415
182202.0 0.42418
182260.0 0.42422
182318.0 0.42425
182376.0 0.42428
182434.0 0.42431
182492.0 0.42435
182550.0 0.42439
182608.0 0.42443
182666.0 0.42447
182724.0 0.42452
182782.0 0.42457
182840.0 0.42462
182898.0 0.42468
182956.0 0.42474
183014.0 0.4248
183072.0 0.42487
183130.0 0.42494
183188.0 0.42501
183246.0 0.4251
183304.0 0.42518
183362.0 0.42526
183420.0 0.42535
183478.0 0.42544
183536.0 0.42553
183594.0 0.42562
183652.0 0.42572
183710.0 0.42582
183768.0 0.42591
183826.0 0.42601
183884.0 0.4261
183942.0 0.4262
184000.0 0.4263
184058.0 0.42639
184116.0 0.42648
184174.0 0.42658
184232.0 0.42666
184290.0 0.42675
184348.0 0.42683
184406.0 0.42692
184464.0 0.42698
184522.0 0.42705
184580.0 0.42712
184638.0 0.42717
184696.0 0.42722
184754.0 0.42726
184812.0 0.4273
184870.0 0.42732
184928.0 0.42733
184986.0 0.42734
185044.0 0.42709
185102.0 0.42675
185160.0 0.42641
185218.0 0.42606
185276.0 0.42568
185334.0 0.42531
185392.0 0.42493
185450.0 0.42454
185508.0 0.42413
185566.0 0.42373
185624.0 0.42332
185682.0 0.4229
185740.0 0.42247
185798.0 0.42205
185856.0 0.42161
185914.0 0.42117
185972.0 0.42074
186030.0 0.42029
186088.0 0.41985
186146.0 0.4194
186204.0 0.41895
186262.0 0.4185
186320.0 0.41804
186378.0 0.41758
186436.0 0.41712
186494.0 0.41666
186552.0 0.41619
186610.0 0.41573
186668.0 0.41525
186726.0 0.41478
186784.0 0.4143
186842.0 0.41383
186900.0 0.41335
186958.0 0.41287
187016.0 0.41239
187074.0 0.4119
187132.0 0.41142
187190.0 0.41094
187248.0 0.41045
187306.0 0.40997
187364.0 0.40949
187422.0 0.409
187480.0 0.40852
187538.0 0.40804
187596.0 0.40756
187654.0 0.40708
187712.0 0.4066
187770.0 0.40612
187828.0 0.40564
187886.0 0.40517
187944.0 0.40469
188002.0 0.40421
188060.0 0.40373
188118.0 0.40326
188176.0 0.40278
188234.0 0.4023
188292.0 0.40183
188350.0 0.40136
188408.0 0.40089
188466.0 0.40043
188524.0 0.39997
188582.0 0.39951
188640.0 0.39907
188698.0 0.39863
188756.0 0.3982
188814.0 0.39777
188872.0 0.39736
188930.0 0.39695
188988.0 0.39655
189046.0 0.39618
189104.0 0.39583
189162.0 0.39547
189220.0 0.39513
189278.0 0.39482
189336.0 0.39452
189394.0 0.39421
189452.0 0.39395
189510.0 0.3937
189568.0 0.39344
189626.0 0.39321
189684.0 0.39299
189742.0 0.39278
189800.0 0.39257
189858.0 0.3924
189916.0 0.39222
189974.0 0.39204
190032.0 0.39199
190090.0 0.39203
190148.0 0.39208
190206.0 0.39213
190264.0 0.39217
190322.0 0.39221
190380.0 0.39225
190438.0 0.39227
190496.0 0.39228
190554.0 0.39229
190612.0 0.39229
190670.0 0.39226
190728.0 0.39223
190786.0 0.3922
190844.0 0.39212
190902.0 0.39201
190960.0 0.3919
191018.0 0.39177
191076.0 0.39158
191134.0 0.39139
191192.0 0.3912
191250.0 0.39091
191308.0 0.39061
191366.0 0.3903
191424.0 0.38994
191482.0 0.38951
191540.0 0.38908
191598.0 0.38865
191656.0 0.38806
191714.0 0.38747
191772.0 0.38687
191830.0 0.38618
191888.0 0.3854
191946.0 0.38463
192004.0 0.38384
192062.0 0.38283
192120.0 0.38183
192178.0 0.38083
192236.0 0.37967
192294.0 0.37842
192352.0 0.37716
192410.0 0.37586
192468.0 0.3743
192526.0 0.37274
192584.0 0.37119
192642.0 0.36939
192700.0 0.36751
192758.0 0.36563
192816.0 0.36365
192874.0 0.36141
192932.0 0.35917
192990.0 0.35694
193048.0 0.3544
193106.0 0.3518
193164.0 0.34921
193222.0 0.34647
193280.0 0.3435
193338.0 0.34054
193396.0 0.33757
193454.0 0.33427
193512.0 0.33094
193570.0 0.32761
193628.0 0.32411
193686.0 0.32043
193744.0 0.31674
193802.0 0.31305
193860.0 0.30903
193918.0 0.30501
193976.0 0.30099
194034.0 0.29679
194092.0 0.29244
194150.0 0.2881
194208.0 0.28373
194266.0 0.27914
194324.0 0.27456
194382.0 0.26998
194440.0 0.26524
194498.0 0.26043
194556.0 0.25562
194614.0 0.25079
194672.0 0.24589
194730.0 0.24099
194788.0 0.2361
194846.0 0.23115
194904.0 0.22618
194962.0 0.22122
195020.0 0.21633
195078.0 0.21155
195136.0 0.20677
195194.0 0.20199
195252.0 0.19728
195310.0 0.19257
195368.0 0.18786
195426.0 0.18322
195484.0 0.17868
195542.0 0.17413
195600.0 0.16958
195658.0 0.16521
195716.0 0.16084
195774.0 0.15647
195832.0 0.15222
195890.0 0.14808
195948.0 0.14393
196006.0 0.13981
196064.0 0.13591
196122.0 0.132
196180.0 0.12809
196238.0 0.12437
196296.0 0.12074
196354.0 0.11711
196412.0 0.11353
196470.0 0.11019
196528.0 0.10684
196586.0 0.10349
196644.0 0.10037
196702.0 0.097332
196760.0 0.09429
196818.0 0.091337
196876.0 0.088584
196934.0 0.08583
196992.0 0.083074
197050.0 0.080572
197108.0 0.07811
197166.0 0.075647
197224.0 0.073287
197282.0 0.071071
197340.0 0.068854
197398.0 0.066637
197456.0 0.064647
197514.0 0.062664
197572.0 0.06068
197630.0 0.058792
197688.0 0.056994
197746.0 0.055195
197804.0 0.053407
197862.0 0.051774
197920.0 0.05014
197978.0 0.048506
198036.0 0.046964
198094.0 0.045478
198152.0 0.043991
198210.0 0.042528
198268.0 0.041178
198326.0 0.039828
198384.0 0.038478
198442.0 0.037231
198500.0 0.036024
198558.0 0.034816
198616.0 0.033647
198674.0 0.032583
198732.0 0.031519
198790.0 0.030454
198848.0 0.029508
198906.0 0.028587
198964.0 0.027665
199022.0 0.0268
199080.0 0.026028
199138.0 0.025255
199196.0 0.024483
199254.0 0.023819
199312.0 0.023163
199370.0 0.022506
199428.0 0.021906
199486.0 0.021365
199544.0 0.020823
199602.0 0.020284
199660.0 0.019815
199718.0 0.019346
199776.0 0.018876
199834.0 0.018444
199892.0 0.01804
199950.0 0.017635
200008.0 0.017234
200066.0 0.016858
200124.0 0.016482
200182.0 0.016106
200240.0 0.015742
200298.0 0.015384
200356.0 0.015025
200414.0 0.01467
200472.0 0.014324
200530.0 0.013978
200588.0 0.013632
200646.0 0.013292
200704.0 0.012954
200762.0 0.012616
200820.0 0.012282
200878.0 0.011955
200936.0 0.011629
200994.0 0.011302
201052.0 0.010983
201110.0 0.010665
201168.0 0.010347
201226.0 0.010039
201284.0 0.0097441
201342.0 0.0094489
201400.0 0.0091535
201458.0 0.0088883
201516.0 0.008623
201574.0 0.0083577
201632.0 0.0081066
201690.0 0.0078671
201748.0 0.0076275
201806.0 0.0073906
201864.0 0.0071771
201922.0 0.0069636
201980.0 0.0067499
202038.0 0.0065515
202096.0 0.006361
202154.0 0.0061705
202212.0 0.0059849
202270.0 0.0058188
202328.0 0.0056527
202386.0 0.0054864
202444.0 0.0053312
202502.0 0.0051795
202560.0 0.0050278
202618.0 0.0048773
202676.0 0.00473
202734.0 0.0045827
202792.0 0.0044352
202850.0 0.0042953
202908.0 0.0041565
202966.0 0.0040177
203024.0 0.0038826
203082.0 0.003753
203140.0 0.0036234
203198.0 0.0034936
203256.0 0.0033732
203314.0 0.0032531
203372.0 0.0031329
203430.0 0.0030175
203488.0 0.0029064
203546.0 0.0027952
203604.0 0.0026849
203662.0 0.0025859
203720.0 0.0024868
203778.0 0.0023877
203836.0 0.0023014
203894.0 0.0022228
203952.0 0.0021442
204010.0 0.0020687
204068.0 0.0020081
204126.0 0.0019474
204184.0 0.0018867
204242.0 0.0018373
204300.0 0.0017922
204358.0 0.0017471
204416.0 0.0017062
204474.0 0.0016765
204532.0 0.0016467
204590.0 0.0016169
204648.0 0.0015971
204706.0 0.0015793
204764.0 0.0015616
204822.0 0.0015484
204880.0 0.0015428
204938.0 0.0015371
204996.0 0.0015315
205054.0 0.0015257
205112.0 0.00152
205170.0 0.0015142
205228.0 0.0015092
205286.0 0.001505
205344.0 0.0015008
205402.0 0.0014964
205460.0 0.001489
205518.0 0.0014815
205576.0 0.001474
205634.0 0.0014645
205692.0 0.0014536
205750.0 0.0014427
205808.0 0.0014309
205866.0 0.0014136
205924.0 0.0013964
205982.0 0.0013792
206040.0 0.0013565
206098.0 0.0013314
206156.0 0.0013063
206214.0 0.0012799
206272.0 0.0012493
206330.0 0.0012187
206388.0 0.0011882
206446.0 0.0011534
206504.0 0.0011175
206562.0 0.0010817
206620.0 0.0010447
206678.0 0.0010053
206736.0 0.00096601
206794.0 0.00092676
206852.0 0
206910.0 0
206968.0 0
207026.0 0
207084.0 0
207142.0 0
207200.0 0
207258.0 0
207316.0 0
207374.0 0
207432.0 0
207490.0 0
207548.0 0
207606.0 0
207664.0 0
207722.0 0
207780.0 0
207838.0 0
207896.0 0
207954.0 0
208012.0 0
208070.0 0
208128.0 0
208186.0 0
208244.0 0
208302.0 0
208360.0 0
208418.0 0
208476.0 0
208534.0 0
208592.0 0
208650.0 0
208708.0 0
208766.0 0
208824.0 0
208882.0 0
208940.0 0
208998.0 0
209056.0 0
209114.0 0
209172.0 0
209230.0 0
209288.0 0
209346.0 0
209404.0 0
209462.0 0
209520.0 0
209578.0 0
209636.0 0
209694.0 0
