# WAVELENGTH THROUGHPUT
# 
# From MIRI_endtoend_throughputs_v4.0/MIRI_F2100W_endtoend_throughput_perphoton_ETC4.0.fits
# via https://jwst-docs.stsci.edu/jwst-mid-infrared-instrument/miri-technical-library#MIRITechnicalLibrary-Technicaldata
# Retrieved 31 March 2026
#
# July 25, 2024
# MIRI Imager F2100W end-to-end throughput (per photon)
# Computed using Pandeia Data Version 4.0
# Includes optical telescope element (OTE) transmission
# Includes detector quantum efficiency (QE)
    
173038.0 0
173096.0 0
173154.0 0
173212.0 0
173270.0 0
173328.0 0
173386.0 0
173444.0 0
173502.0 0
173560.0 0
173618.0 0
173676.0 0
173734.0 0
173792.0 0
173850.0 0
173908.0 0
173966.0 0
174024.0 0
174082.0 0
174140.0 0
174198.0 0
174256.0 0
174314.0 0
174372.0 0
174430.0 0
174488.0 0
174546.0 0
174604.0 0
174662.0 0
174720.0 0
174778.0 0
174836.0 0
174894.0 0
174952.0 0
175010.0 0
175068.0 0
175126.0 0
175184.0 0
175242.0 0
175300.0 0
175358.0 0
175416.0 0
175474.0 0
175532.0 0
175590.0 0
175648.0 0
175706.0 0
175764.0 0
175822.0 0
175880.0 0
175938.0 0.00087669
175996.0 0.00092632
176054.0 0.00097342
176112.0 0.0010203
176170.0 0.0010671
176228.0 0.0011117
176286.0 0.0011539
176344.0 0.001196
176402.0 0.0012378
176460.0 0.0012729
176518.0 0.0013079
176576.0 0.0013428
176634.0 0.0013736
176692.0 0.0014014
176750.0 0.0014292
176808.0 0.0014561
176866.0 0.0014771
176924.0 0.001498
176982.0 0.001519
177040.0 0.0015392
177098.0 0.0015591
177156.0 0.001579
177214.0 0.0015994
177272.0 0.0016211
177330.0 0.0016429
177388.0 0.0016647
177446.0 0.0016899
177504.0 0.0017161
177562.0 0.0017422
177620.0 0.0017724
177678.0 0.0018102
177736.0 0.001848
177794.0 0.0018857
177852.0 0.0019352
177910.0 0.0019861
177968.0 0.0020369
178026.0 0.0020947
178084.0 0.002161
178142.0 0.0022272
178200.0 0.0022934
178258.0 0.0023764
178316.0 0.0024594
178374.0 0.0025423
178432.0 0.0026347
178490.0 0.0027348
178548.0 0.0028348
178606.0 0.0029365
178664.0 0.0030529
178722.0 0.0031693
178780.0 0.0032856
178838.0 0.0034119
178896.0 0.0035435
178954.0 0.003675
179012.0 0.0038093
179070.0 0.0039549
179128.0 0.0041004
179186.0 0.0042457
179244.0 0.0044033
179302.0 0.0045646
179360.0 0.0047258
179418.0 0.0048923
179476.0 0.0050706
179534.0 0.0052489
179592.0 0.0054269
179650.0 0.0056209
179708.0 0.0058172
179766.0 0.0060134
179824.0 0.006221
179882.0 0.0064449
179940.0 0.0066686
179998.0 0.0068921
180056.0 0.0071494
180114.0 0.0074079
180172.0 0.0076664
180230.0 0.0079462
180288.0 0.0082459
180346.0 0.0085456
180404.0 0.0088487
180462.0 0.0091982
180520.0 0.0095476
180578.0 0.009897
180636.0 0.010286
180694.0 0.010698
180752.0 0.011111
180810.0 0.011536
180868.0 0.012024
180926.0 0.012511
180984.0 0.012998
181042.0 0.013544
181100.0 0.014112
181158.0 0.014679
181216.0 0.015276
181274.0 0.01595
181332.0 0.016623
181390.0 0.017296
181448.0 0.018065
181506.0 0.018853
181564.0 0.019641
181622.0 0.020477
181680.0 0.021391
181738.0 0.022305
181796.0 0.023219
181854.0 0.024276
181912.0 0.025344
181970.0 0.026411
182028.0 0.027557
182086.0 0.028787
182144.0 0.030017
182202.0 0.031253
182260.0 0.032669
182318.0 0.034084
182376.0 0.0355
182434.0 0.037032
182492.0 0.038648
182550.0 0.040263
182608.0 0.041908
182666.0 0.043743
182724.0 0.045578
182782.0 0.047413
182840.0 0.049422
182898.0 0.051511
182956.0 0.053599
183014.0 0.055751
183072.0 0.058104
183130.0 0.060456
183188.0 0.062809
183246.0 0.065408
183304.0 0.068071
183362.0 0.070734
183420.0 0.073506
183478.0 0.076484
183536.0 0.079463
183594.0 0.082441
183652.0 0.085725
183710.0 0.089044
183768.0 0.092362
183826.0 0.095824
183884.0 0.099461
183942.0 0.1031
184000.0 0.10673
184058.0 0.11069
184116.0 0.11464
184174.0 0.11859
184232.0 0.12269
184290.0 0.1269
184348.0 0.1311
184406.0 0.13534
184464.0 0.13978
184522.0 0.14422
184580.0 0.14867
184638.0 0.15321
184696.0 0.15781
184754.0 0.16242
184812.0 0.16704
184870.0 0.17173
184928.0 0.17643
184986.0 0.18113
185044.0 0.18576
185102.0 0.19036
185160.0 0.19495
185218.0 0.19951
185276.0 0.20402
185334.0 0.20852
185392.0 0.21301
185450.0 0.21741
185508.0 0.22178
185566.0 0.22615
185624.0 0.23042
185682.0 0.23454
185740.0 0.23866
185798.0 0.24277
185856.0 0.24663
185914.0 0.25047
185972.0 0.25431
186030.0 0.25796
186088.0 0.26144
186146.0 0.26492
186204.0 0.26837
186262.0 0.27148
186320.0 0.27458
186378.0 0.27768
186436.0 0.28053
186494.0 0.28324
186552.0 0.28594
186610.0 0.28857
186668.0 0.29089
186726.0 0.29321
186784.0 0.29552
186842.0 0.29756
186900.0 0.2995
186958.0 0.30143
187016.0 0.30327
187074.0 0.30486
187132.0 0.30645
187190.0 0.30804
187248.0 0.30936
187306.0 0.31062
187364.0 0.31187
187422.0 0.31302
187480.0 0.31398
187538.0 0.31493
187596.0 0.31589
187654.0 0.31659
187712.0 0.31728
187770.0 0.31796
187828.0 0.31852
187886.0 0.31895
187944.0 0.31938
188002.0 0.3198
188060.0 0.32003
188118.0 0.32025
188176.0 0.32048
188234.0 0.3206
188292.0 0.32065
188350.0 0.32069
188408.0 0.32072
188466.0 0.32066
188524.0 0.3206
188582.0 0.32053
188640.0 0.32041
188698.0 0.32026
188756.0 0.32011
188814.0 0.31996
188872.0 0.31979
188930.0 0.31963
188988.0 0.31947
189046.0 0.3193
189104.0 0.31913
189162.0 0.31895
189220.0 0.31879
189278.0 0.31865
189336.0 0.3185
189394.0 0.31836
189452.0 0.31823
189510.0 0.3181
189568.0 0.31797
189626.0 0.31785
189684.0 0.31774
189742.0 0.31764
189800.0 0.31753
189858.0 0.31741
189916.0 0.31728
189974.0 0.31716
190032.0 0.31712
190090.0 0.31715
190148.0 0.31717
190206.0 0.31719
190264.0 0.31717
190322.0 0.31715
190380.0 0.31712
190438.0 0.31706
190496.0 0.31699
190554.0 0.31691
190612.0 0.31683
190670.0 0.31668
190728.0 0.31654
190786.0 0.3164
190844.0 0.31621
190902.0 0.31601
190960.0 0.31581
191018.0 0.31559
191076.0 0.31535
191134.0 0.31511
191192.0 0.31486
191250.0 0.31459
191308.0 0.31432
191366.0 0.31404
191424.0 0.31377
191482.0 0.31348
191540.0 0.31319
191598.0 0.3129
191656.0 0.31263
191714.0 0.31235
191772.0 0.31207
191830.0 0.31181
191888.0 0.31156
191946.0 0.31131
192004.0 0.31106
192062.0 0.31085
192120.0 0.31064
192178.0 0.31042
192236.0 0.31023
192294.0 0.31006
192352.0 0.30989
192410.0 0.30972
192468.0 0.30958
192526.0 0.30945
192584.0 0.30931
192642.0 0.3092
192700.0 0.3091
192758.0 0.309
192816.0 0.30891
192874.0 0.30882
192932.0 0.30873
192990.0 0.30864
193048.0 0.30856
193106.0 0.30848
193164.0 0.3084
193222.0 0.30831
193280.0 0.30822
193338.0 0.30812
193396.0 0.30802
193454.0 0.30791
193512.0 0.30779
193570.0 0.30768
193628.0 0.30754
193686.0 0.30739
193744.0 0.30724
193802.0 0.30709
193860.0 0.3069
193918.0 0.30672
193976.0 0.30654
194034.0 0.30633
194092.0 0.30612
194150.0 0.3059
194208.0 0.30568
194266.0 0.30544
194324.0 0.3052
194382.0 0.30496
194440.0 0.3047
194498.0 0.30445
194556.0 0.30419
194614.0 0.30393
194672.0 0.30366
194730.0 0.3034
194788.0 0.30313
194846.0 0.30286
194904.0 0.3026
194962.0 0.30233
195020.0 0.30212
195078.0 0.30202
195136.0 0.30193
195194.0 0.30183
195252.0 0.30174
195310.0 0.30165
195368.0 0.30156
195426.0 0.30148
195484.0 0.30141
195542.0 0.30133
195600.0 0.30126
195658.0 0.3012
195716.0 0.30114
195774.0 0.30109
195832.0 0.30104
195890.0 0.30101
195948.0 0.30097
196006.0 0.30094
196064.0 0.30093
196122.0 0.30091
196180.0 0.3009
196238.0 0.30091
196296.0 0.30091
196354.0 0.30092
196412.0 0.30094
196470.0 0.30097
196528.0 0.30099
196586.0 0.30102
196644.0 0.30106
196702.0 0.3011
196760.0 0.30114
196818.0 0.30118
196876.0 0.30123
196934.0 0.30127
196992.0 0.30132
197050.0 0.30138
197108.0 0.30143
197166.0 0.30149
197224.0 0.30154
197282.0 0.30161
197340.0 0.30167
197398.0 0.30173
197456.0 0.30181
197514.0 0.3019
197572.0 0.30199
197630.0 0.30209
197688.0 0.3022
197746.0 0.30232
197804.0 0.30244
197862.0 0.3026
197920.0 0.30276
197978.0 0.30293
198036.0 0.30312
198094.0 0.30333
198152.0 0.30355
198210.0 0.30377
198268.0 0.30404
198326.0 0.3043
198384.0 0.30457
198442.0 0.30487
198500.0 0.30519
198558.0 0.30551
198616.0 0.30584
198674.0 0.30618
198732.0 0.30653
198790.0 0.30687
198848.0 0.30724
198906.0 0.30761
198964.0 0.30798
199022.0 0.30834
199080.0 0.3087
199138.0 0.30906
199196.0 0.30942
199254.0 0.30977
199312.0 0.31012
199370.0 0.31048
199428.0 0.31081
199486.0 0.31114
199544.0 0.31146
199602.0 0.31178
199660.0 0.31208
199718.0 0.31238
199776.0 0.31268
199834.0 0.31296
199892.0 0.31324
199950.0 0.31352
200008.0 0.31379
200066.0 0.31404
200124.0 0.31428
200182.0 0.31453
200240.0 0.31477
200298.0 0.31501
200356.0 0.31525
200414.0 0.31548
200472.0 0.3157
200530.0 0.31593
200588.0 0.31615
200646.0 0.31637
200704.0 0.31658
200762.0 0.3168
200820.0 0.31701
200878.0 0.31721
200936.0 0.31741
200994.0 0.31761
201052.0 0.3178
201110.0 0.31799
201168.0 0.31818
201226.0 0.31836
201284.0 0.31853
201342.0 0.3187
201400.0 0.31888
201458.0 0.31904
201516.0 0.31921
201574.0 0.31937
201632.0 0.31953
201690.0 0.31969
201748.0 0.31984
201806.0 0.32
201864.0 0.32016
201922.0 0.32032
201980.0 0.32049
202038.0 0.32065
202096.0 0.32082
202154.0 0.32099
202212.0 0.32116
202270.0 0.32134
202328.0 0.32153
202386.0 0.32171
202444.0 0.3219
202502.0 0.3221
202560.0 0.3223
202618.0 0.3225
202676.0 0.32271
202734.0 0.32292
202792.0 0.32313
202850.0 0.32334
202908.0 0.32355
202966.0 0.32377
203024.0 0.32398
203082.0 0.32419
203140.0 0.3244
203198.0 0.3246
203256.0 0.3248
203314.0 0.32499
203372.0 0.32519
203430.0 0.32537
203488.0 0.32554
203546.0 0.32571
203604.0 0.32588
203662.0 0.32603
203720.0 0.32617
203778.0 0.32631
203836.0 0.32644
203894.0 0.32655
203952.0 0.32666
204010.0 0.32677
204068.0 0.32686
204126.0 0.32694
204184.0 0.32702
204242.0 0.32709
204300.0 0.32715
204358.0 0.32721
204416.0 0.32726
204474.0 0.3273
204532.0 0.32733
204590.0 0.32737
204648.0 0.3274
204706.0 0.32742
204764.0 0.32744
204822.0 0.32745
204880.0 0.32747
204938.0 0.32748
204996.0 0.3275
205054.0 0.32723
205112.0 0.32695
205170.0 0.32666
205228.0 0.32638
205286.0 0.3261
205344.0 0.32582
205402.0 0.32554
205460.0 0.32527
205518.0 0.325
205576.0 0.32472
205634.0 0.32446
205692.0 0.3242
205750.0 0.32393
205808.0 0.32368
205866.0 0.32343
205924.0 0.32318
205982.0 0.32293
206040.0 0.32269
206098.0 0.32245
206156.0 0.32221
206214.0 0.32197
206272.0 0.32174
206330.0 0.32152
206388.0 0.32129
206446.0 0.32106
206504.0 0.32083
206562.0 0.3206
206620.0 0.32037
206678.0 0.32014
206736.0 0.31991
206794.0 0.31968
206852.0 0.31945
206910.0 0.31921
206968.0 0.31897
207026.0 0.31872
207084.0 0.31847
207142.0 0.31822
207200.0 0.31796
207258.0 0.3177
207316.0 0.31743
207374.0 0.31716
207432.0 0.31688
207490.0 0.31659
207548.0 0.31629
207606.0 0.316
207664.0 0.31569
207722.0 0.31538
207780.0 0.31507
207838.0 0.31475
207896.0 0.31441
207954.0 0.31408
208012.0 0.31375
208070.0 0.3134
208128.0 0.31305
208186.0 0.3127
208244.0 0.31234
208302.0 0.31198
208360.0 0.31161
208418.0 0.31124
208476.0 0.31086
208534.0 0.31049
208592.0 0.31011
208650.0 0.30972
208708.0 0.30932
208766.0 0.30893
208824.0 0.30853
208882.0 0.30813
208940.0 0.30772
208998.0 0.30732
209056.0 0.3069
209114.0 0.30648
209172.0 0.30606
209230.0 0.30563
209288.0 0.30519
209346.0 0.30476
209404.0 0.30432
209462.0 0.30387
209520.0 0.30343
209578.0 0.30298
209636.0 0.30253
209694.0 0.30208
209752.0 0.30163
209810.0 0.30118
209868.0 0.30073
209926.0 0.30028
209984.0 0.29983
210042.0 0.2997
210100.0 0.2997
210158.0 0.29969
210216.0 0.2997
210274.0 0.29972
210332.0 0.29974
210390.0 0.29976
210448.0 0.29982
210506.0 0.2999
210564.0 0.29998
210622.0 0.30008
210680.0 0.30021
210738.0 0.30034
210796.0 0.30048
210854.0 0.30066
210912.0 0.30084
210970.0 0.30102
211028.0 0.30124
211086.0 0.30148
211144.0 0.30172
211202.0 0.30197
211260.0 0.30224
211318.0 0.30252
211376.0 0.3028
211434.0 0.30309
211492.0 0.30338
211550.0 0.30368
211608.0 0.30397
211666.0 0.30428
211724.0 0.30459
211782.0 0.3049
211840.0 0.30521
211898.0 0.3055
211956.0 0.3058
212014.0 0.3061
212072.0 0.3064
212130.0 0.30669
212188.0 0.30699
212246.0 0.30728
212304.0 0.30757
212362.0 0.30786
212420.0 0.30815
212478.0 0.30843
212536.0 0.30872
212594.0 0.309
212652.0 0.30929
212710.0 0.30958
212768.0 0.30987
212826.0 0.31017
212884.0 0.31047
212942.0 0.31078
213000.0 0.31108
213058.0 0.31139
213116.0 0.31171
213174.0 0.31202
213232.0 0.31234
213290.0 0.31267
213348.0 0.313
213406.0 0.31333
213464.0 0.31367
213522.0 0.31401
213580.0 0.31436
213638.0 0.3147
213696.0 0.31504
213754.0 0.31538
213812.0 0.31572
213870.0 0.31606
213928.0 0.3164
213986.0 0.31674
214044.0 0.31707
214102.0 0.3174
214160.0 0.31773
214218.0 0.31806
214276.0 0.31837
214334.0 0.31869
214392.0 0.319
214450.0 0.3193
214508.0 0.3196
214566.0 0.3199
214624.0 0.32019
214682.0 0.32047
214740.0 0.32075
214798.0 0.32103
214856.0 0.32129
214914.0 0.32155
214972.0 0.32181
215030.0 0.32195
215088.0 0.32198
215146.0 0.32202
215204.0 0.32205
215262.0 0.32207
215320.0 0.32208
215378.0 0.3221
215436.0 0.3221
215494.0 0.32209
215552.0 0.32208
215610.0 0.32207
215668.0 0.32204
215726.0 0.32201
215784.0 0.32198
215842.0 0.32194
215900.0 0.32188
215958.0 0.32183
216016.0 0.32177
216074.0 0.32169
216132.0 0.32162
216190.0 0.32154
216248.0 0.32144
216306.0 0.32135
216364.0 0.32125
216422.0 0.32115
216480.0 0.32105
216538.0 0.32095
216596.0 0.32084
216654.0 0.32073
216712.0 0.32062
216770.0 0.32051
216828.0 0.32041
216886.0 0.32032
216944.0 0.32023
217002.0 0.32014
217060.0 0.32008
217118.0 0.32001
217176.0 0.31995
217234.0 0.3199
217292.0 0.31987
217350.0 0.31984
217408.0 0.31982
217466.0 0.31984
217524.0 0.31986
217582.0 0.31988
217640.0 0.31994
217698.0 0.32
217756.0 0.32007
217814.0 0.32014
217872.0 0.32024
217930.0 0.32034
217988.0 0.32043
218046.0 0.32056
218104.0 0.32069
218162.0 0.32083
218220.0 0.32096
218278.0 0.3211
218336.0 0.32123
218394.0 0.32137
218452.0 0.3215
218510.0 0.32163
218568.0 0.32175
218626.0 0.32187
218684.0 0.32199
218742.0 0.3221
218800.0 0.32221
218858.0 0.32229
218916.0 0.32236
218974.0 0.32243
219032.0 0.32249
219090.0 0.32253
219148.0 0.32257
219206.0 0.3226
219264.0 0.32262
219322.0 0.32263
219380.0 0.32264
219438.0 0.32263
219496.0 0.32261
219554.0 0.32259
219612.0 0.32256
219670.0 0.32252
219728.0 0.32248
219786.0 0.32244
219844.0 0.3224
219902.0 0.32236
219960.0 0.32231
220018.0 0.32224
220076.0 0.3221
220134.0 0.32197
220192.0 0.32183
220250.0 0.3217
220308.0 0.32156
220366.0 0.32142
220424.0 0.32129
220482.0 0.32115
220540.0 0.32102
220598.0 0.32088
220656.0 0.32074
220714.0 0.3206
220772.0 0.32046
220830.0 0.32031
220888.0 0.32015
220946.0 0.32
221004.0 0.31984
221062.0 0.31968
221120.0 0.31951
221178.0 0.31934
221236.0 0.31916
221294.0 0.31898
221352.0 0.31879
221410.0 0.3186
221468.0 0.31839
221526.0 0.31819
221584.0 0.31798
221642.0 0.31776
221700.0 0.31754
221758.0 0.31732
221816.0 0.3171
221874.0 0.31686
221932.0 0.31663
221990.0 0.3164
222048.0 0.31616
222106.0 0.31591
222164.0 0.31567
222222.0 0.31543
222280.0 0.3152
222338.0 0.31496
222396.0 0.31472
222454.0 0.31449
222512.0 0.31426
222570.0 0.31403
222628.0 0.3138
222686.0 0.31358
222744.0 0.31335
222802.0 0.31313
222860.0 0.31292
222918.0 0.31272
222976.0 0.31251
223034.0 0.31231
223092.0 0.31211
223150.0 0.31192
223208.0 0.31172
223266.0 0.31154
223324.0 0.31135
223382.0 0.31117
223440.0 0.31099
223498.0 0.31082
223556.0 0.31064
223614.0 0.31047
223672.0 0.3103
223730.0 0.31014
223788.0 0.30997
223846.0 0.30981
223904.0 0.30965
223962.0 0.30949
224020.0 0.30934
224078.0 0.30918
224136.0 0.30903
224194.0 0.30888
224252.0 0.30874
224310.0 0.3086
224368.0 0.30846
224426.0 0.30833
224484.0 0.3082
224542.0 0.30807
224600.0 0.30794
224658.0 0.30783
224716.0 0.30771
224774.0 0.30759
224832.0 0.30749
224890.0 0.30739
224948.0 0.30729
225006.0 0.30719
225064.0 0.30711
225122.0 0.30702
225180.0 0.30694
225238.0 0.30686
225296.0 0.30678
225354.0 0.3067
225412.0 0.30662
225470.0 0.30656
225528.0 0.3065
225586.0 0.30643
225644.0 0.30636
225702.0 0.30629
225760.0 0.30622
225818.0 0.30614
225876.0 0.30605
225934.0 0.30596
225992.0 0.30587
226050.0 0.30576
226108.0 0.30565
226166.0 0.30554
226224.0 0.30541
226282.0 0.30525
226340.0 0.30508
226398.0 0.30492
226456.0 0.30471
226514.0 0.30449
226572.0 0.30428
226630.0 0.30403
226688.0 0.30375
226746.0 0.30347
226804.0 0.30318
226862.0 0.3028
226920.0 0.30242
226978.0 0.30204
227036.0 0.3016
227094.0 0.30114
227152.0 0.30067
227210.0 0.30018
227268.0 0.2996
227326.0 0.29902
227384.0 0.29844
227442.0 0.29777
227500.0 0.29707
227558.0 0.29637
227616.0 0.29564
227674.0 0.29483
227732.0 0.29401
227790.0 0.2932
227848.0 0.29227
227906.0 0.29133
227964.0 0.29038
228022.0 0.28939
228080.0 0.28832
228138.0 0.28725
228196.0 0.28618
228254.0 0.28499
228312.0 0.28379
228370.0 0.2826
228428.0 0.28134
228486.0 0.28002
228544.0 0.2787
228602.0 0.27737
228660.0 0.27593
228718.0 0.27448
228776.0 0.27304
228834.0 0.27152
228892.0 0.26995
228950.0 0.26839
229008.0 0.2668
229066.0 0.26511
229124.0 0.26342
229182.0 0.26174
229240.0 0.25996
229298.0 0.25816
229356.0 0.25635
229414.0 0.25451
229472.0 0.25258
229530.0 0.25065
229588.0 0.24872
229646.0 0.2467
229704.0 0.24464
229762.0 0.24259
229820.0 0.2405
229878.0 0.23834
229936.0 0.23618
229994.0 0.23401
230052.0 0.23169
230110.0 0.22935
230168.0 0.22701
230226.0 0.22462
230284.0 0.22217
230342.0 0.21973
230400.0 0.21728
230458.0 0.21476
230516.0 0.21224
230574.0 0.20972
230632.0 0.20716
230690.0 0.20456
230748.0 0.20196
230806.0 0.19936
230864.0 0.1967
230922.0 0.19404
230980.0 0.19139
231038.0 0.18874
231096.0 0.18609
231154.0 0.18344
231212.0 0.18078
231270.0 0.17811
231328.0 0.17544
231386.0 0.17277
231444.0 0.17012
231502.0 0.16747
231560.0 0.16483
231618.0 0.16221
231676.0 0.15963
231734.0 0.15705
231792.0 0.15448
231850.0 0.15194
231908.0 0.14941
231966.0 0.14688
232024.0 0.14439
232082.0 0.14194
232140.0 0.13949
232198.0 0.13704
232256.0 0.13468
232314.0 0.13232
232372.0 0.12996
232430.0 0.12764
232488.0 0.12536
232546.0 0.12309
232604.0 0.12082
232662.0 0.11862
232720.0 0.11643
232778.0 0.11425
232836.0 0.11211
232894.0 0.11001
232952.0 0.1079
233010.0 0.10582
233068.0 0.1038
233126.0 0.10178
233184.0 0.099766
233242.0 0.097809
233300.0 0.095874
233358.0 0.093941
233416.0 0.092031
233474.0 0.090177
233532.0 0.088325
233590.0 0.086476
233648.0 0.084694
233706.0 0.082928
233764.0 0.081165
233822.0 0.079434
233880.0 0.077755
233938.0 0.076079
233996.0 0.074404
234054.0 0.072806
234112.0 0.071215
234170.0 0.069625
234228.0 0.068083
234286.0 0.06659
234344.0 0.065099
234402.0 0.063612
234460.0 0.062218
234518.0 0.060825
234576.0 0.059433
234634.0 0.058098
234692.0 0.056803
234750.0 0.055509
234808.0 0.054232
234866.0 0.053045
234924.0 0.05186
234982.0 0.050676
235040.0 0.049588
235098.0 0.048541
235156.0 0.047495
235214.0 0.046472
235272.0 0.045523
235330.0 0.044574
235388.0 0.043625
235446.0 0.042747
235504.0 0.041888
235562.0 0.041028
235620.0 0.040204
235678.0 0.039445
235736.0 0.038686
235794.0 0.037927
235852.0 0.037228
235910.0 0.036537
235968.0 0.035845
236026.0 0.035173
236084.0 0.034525
236142.0 0.033878
236200.0 0.03323
236258.0 0.03264
236316.0 0.032049
236374.0 0.031459
236432.0 0.03088
236490.0 0.030311
236548.0 0.029742
236606.0 0.029173
236664.0 0.028603
236722.0 0.028034
236780.0 0.027464
236838.0 0.026903
236896.0 0.026345
236954.0 0.025788
237012.0 0.025233
237070.0 0.024685
237128.0 0.024137
237186.0 0.023589
237244.0 0.023041
237302.0 0.022493
237360.0 0.021945
237418.0 0.0214
237476.0 0.020863
237534.0 0.020326
237592.0 0.01979
237650.0 0.019284
237708.0 0.018783
237766.0 0.018283
237824.0 0.017796
237882.0 0.017328
237940.0 0.01686
237998.0 0.016392
238056.0 0.01596
238114.0 0.01553
238172.0 0.015099
238230.0 0.014697
238288.0 0.014321
238346.0 0.013945
238404.0 0.013573
238462.0 0.013254
238520.0 0.012935
238578.0 0.012615
238636.0 0.012324
238694.0 0.01205
238752.0 0.011776
238810.0 0.011508
238868.0 0.011269
238926.0 0.011031
238984.0 0.010793
239042.0 0.010586
239100.0 0.010391
239158.0 0.010196
239216.0 0.010009
239274.0 0.0098407
239332.0 0.0096728
239390.0 0.009505
239448.0 0.0093469
239506.0 0.009191
239564.0 0.009035
239622.0 0.0088864
239680.0 0.0087499
239738.0 0.0086134
239796.0 0.0084768
239854.0 0.0083494
239912.0 0.0082226
239970.0 0.0080958
240028.0 0.007966
240086.0 0.0078332
240144.0 0.0077006
240202.0 0.0075683
240260.0 0.0074406
240318.0 0.0073131
240376.0 0.0071859
240434.0 0.0070624
240492.0 0.0069417
240550.0 0.0068212
240608.0 0.0067019
240666.0 0.0065884
240724.0 0.0064751
240782.0 0.006362
240840.0 0.0062534
240898.0 0.0061469
240956.0 0.0060405
241014.0 0.0059362
241072.0 0.0058376
241130.0 0.0057392
241188.0 0.0056409
241246.0 0.005549
241304.0 0.0054588
241362.0 0.0053687
241420.0 0.0052813
241478.0 0.005199
241536.0 0.0051167
241594.0 0.0050346
241652.0 0.0049605
241710.0 0.0048873
241768.0 0.0048144
241826.0 0.0047462
241884.0 0.0046838
241942.0 0.0046216
242000.0 0.0045595
242058.0 0.0045065
242116.0 0.0044536
242174.0 0.0044007
242232.0 0.0043509
242290.0 0.0043034
242348.0 0.004256
242406.0 0.0042092
242464.0 0.0041663
242522.0 0.0041234
242580.0 0.0040807
242638.0 0.0040413
242696.0 0.0040036
242754.0 0.003966
242812.0 0.003929
242870.0 0.0038942
242928.0 0.0038595
242986.0 0.0038248
243044.0 0.0037924
243102.0 0.0037608
243160.0 0.0037293
243218.0 0.0036986
243276.0 0.0036697
243334.0 0.0036409
243392.0 0.0036122
243450.0 0.0035829
243508.0 0.0035537
243566.0 0.0035244
243624.0 0.0034945
243682.0 0.0034636
243740.0 0.0034327
243798.0 0.0034019
243856.0 0.0033705
243914.0 0.0033392
243972.0 0.0033079
244030.0 0.0032767
244088.0 0.0032454
244146.0 0.0032141
244204.0 0.0031829
244262.0 0.0031521
244320.0 0.0031214
244378.0 0.0030907
244436.0 0.00306
244494.0 0.0030292
244552.0 0.0029985
244610.0 0.0029677
244668.0 0.002936
244726.0 0.0029044
244784.0 0.0028728
244842.0 0.0028403
244900.0 0.0028073
244958.0 0.0027745
245016.0 0.0027414
245074.0 0.0027076
245132.0 0.0026739
245190.0 0.0026403
245248.0 0.002606
245306.0 0.0025716
245364.0 0.0025373
245422.0 0.0025027
245480.0 0.0024679
245538.0 0.0024331
245596.0 0.0023984
245654.0 0.0023629
245712.0 0.0023275
245770.0 0.0022921
245828.0 0.0022562
245886.0 0.0022197
245944.0 0.0021832
246002.0 0.0021468
246060.0 0.0021088
246118.0 0.002071
246176.0 0.0020332
246234.0 0.0019946
246292.0 0.0019557
246350.0 0.0019168
246408.0 0.0018778
246466.0 0.0018383
246524.0 0.0017989
246582.0 0.0017595
246640.0 0.00172
246698.0 0.0016804
246756.0 0.0016409
246814.0 0.0016014
246872.0 0.0015614
246930.0 0.0015216
246988.0 0.0014818
247046.0 0.0014412
247104.0 0.0014005
247162.0 0.0013599
247220.0 0.0013187
247278.0 0.0012765
247336.0 0.0012344
247394.0 0.0011924
247452.0 0.0011492
247510.0 0.0011058
247568.0 0.0010626
247626.0 0.0010195
247684.0 0.00097663
247742.0 0.00093381
247800.0 0.00089106
247858.0 0
247916.0 0
247974.0 0
248032.0 0
248090.0 0
248148.0 0
248206.0 0
248264.0 0
248322.0 0
248380.0 0
248438.0 0
248496.0 0
248554.0 0
248612.0 0
248670.0 0
248728.0 0
248786.0 0
248844.0 0
248902.0 0
248960.0 0
249018.0 0
249076.0 0
249134.0 0
249192.0 0
249250.0 0
249308.0 0
249366.0 0
249424.0 0
249482.0 0
249540.0 0
249598.0 0
249656.0 0
249714.0 0
249772.0 0
249830.0 0
249888.0 0
249946.0 0
250004.0 0
250062.0 0
250120.0 0
250178.0 0
250236.0 0
250294.0 0
250352.0 0
250410.0 0
250468.0 0
250526.0 0
250584.0 0
250642.0 0
250700.0 0
