# v7
# Dated Jan 2025 (post-flight)
# filters+DBS+QE+OTE (nrc_plus_ote)
# Units of transmission are PCE (photon to electron conversion efficiency)
# 
31470.2  0.000000e+00
31483.7  0.000000e+00
31497.2  6.311763e-06
31510.7  7.340158e-06
31524.2  6.938214e-06
31537.7  8.829834e-06
31551.3  8.683317e-06
31564.8  9.610822e-06
31578.3  1.151506e-05
31591.8  1.266490e-05
31605.3  1.196818e-05
31618.8  1.125183e-05
31632.3  1.361835e-05
31645.8  1.713328e-05
31659.4  2.302227e-05
31672.9  2.574934e-05
31686.4  3.602735e-05
31699.9  4.336280e-05
31713.4  5.526305e-05
31726.9  5.762035e-05
31740.4  6.463361e-05
31753.9  6.265800e-05
31767.5  7.143576e-05
31781.0  6.502330e-05
31794.5  7.358908e-05
31808.0  6.597253e-05
31821.5  7.545949e-05
31835.0  7.531945e-05
31848.5  9.753211e-05
31862.0  1.136244e-04
31875.5  1.554665e-04
31889.1  1.906122e-04
31902.6  2.433825e-04
31916.1  2.861792e-04
31929.6  3.484407e-04
31943.1  4.208432e-04
31956.6  5.255725e-04
31970.1  6.640013e-04
31983.6  8.517748e-04
31997.2  1.120625e-03
32010.7  1.483400e-03
32024.2  2.015573e-03
32037.7  2.765741e-03
32051.2  3.902286e-03
32064.7  5.605520e-03
32078.2  8.332488e-03
32091.7  1.269232e-02
32105.3  2.009719e-02
32118.8  3.271544e-02
32132.3  5.429696e-02
32145.8  8.921137e-02
32159.3  1.398334e-01
32172.8  2.004594e-01
32186.3  2.520638e-01
32199.8  2.845565e-01
32213.4  2.955394e-01
32226.9  2.942227e-01
32240.4  2.907836e-01
32253.9  2.901662e-01
32267.4  2.940329e-01
32280.9  3.017163e-01
32294.4  3.118807e-01
32307.9  3.222960e-01
32321.5  3.309541e-01
32335.0  3.361472e-01
32348.5  3.376757e-01
32362.0  3.362252e-01
32375.5  3.328355e-01
32389.0  3.290365e-01
32402.5  3.260639e-01
32416.0  3.249436e-01
32429.6  3.258178e-01
32443.1  3.279425e-01
32456.6  3.299014e-01
32470.1  3.287452e-01
32483.6  3.219102e-01
32497.1  3.056043e-01
32510.6  2.798010e-01
32524.1  2.468546e-01
32537.7  2.088964e-01
32551.2  1.706663e-01
32564.7  1.357292e-01
32578.2  1.056854e-01
32591.7  8.114023e-02
32605.2  6.190759e-02
32618.7  4.707695e-02
32632.2  3.580420e-02
32645.8  2.729371e-02
32659.3  2.085874e-02
32672.8  1.602852e-02
32686.3  1.235115e-02
32699.8  9.583451e-03
32713.3  7.454950e-03
32726.8  5.849008e-03
32740.3  4.600505e-03
32753.9  3.654608e-03
32767.4  2.919061e-03
32780.9  2.343718e-03
32794.4  1.900185e-03
32807.9  1.537507e-03
32821.4  1.264215e-03
32834.9  1.027947e-03
32848.4  8.548133e-04
32861.9  7.028439e-04
32875.5  5.920150e-04
32889.0  4.931711e-04
32902.5  4.161820e-04
32916.0  3.542811e-04
32929.5  2.965572e-04
32943.0  2.602739e-04
32956.5  2.213414e-04
32970.0  2.034820e-04
32983.6  1.721800e-04
32997.1  1.568109e-04
33010.6  1.357180e-04
33024.1  1.234266e-04
33037.6  1.157641e-04
33051.1  1.032490e-04
33064.6  9.947340e-05
33078.1  8.392679e-05
33091.7  8.099699e-05
33105.2  7.010896e-05
33118.7  7.137673e-05
33132.2  6.418942e-05
33145.7  5.806760e-05
33159.2  5.441339e-05
33172.7  4.768818e-05
33186.2  4.736496e-05
33199.8  3.948293e-05
33213.3  4.223924e-05
33226.8  3.337436e-05
33240.3  3.061330e-05
33253.8  2.647262e-05
33267.3  2.635485e-05
33280.8  2.506781e-05
33294.3  1.992267e-05
33307.9  2.280628e-05
33321.4  1.593983e-05
33334.9  1.988271e-05
33348.4  1.729035e-05
33361.9  1.926913e-05
33375.4  1.927374e-05
33388.9  1.782949e-05
33402.4  2.394234e-05
33416.0  2.335509e-05
33429.5  2.912348e-05
33443.0  2.338668e-05
33456.5  2.198598e-05
33470.0  1.987798e-05
33483.5  2.045331e-05
33497.0  2.186396e-05
33510.5  0.000000e+00
33524.1  0.000000e+00
