# WAVELENGTH THROUGHPUT
# 
# From MIRI_endtoend_throughputs_v4.0/MIRI_F1130W_endtoend_throughput_perphoton_ETC4.0.fits
# via https://jwst-docs.stsci.edu/jwst-mid-infrared-instrument/miri-technical-library#MIRITechnicalLibrary-Technicaldata
# Retrieved 31 March 2026
#
# July 25, 2024
# MIRI Imager F1130W end-to-end throughput (per photon)
# Computed using Pandeia Data Version 4.0
# Includes optical telescope element (OTE) transmission
# Includes detector quantum efficiency (QE)
    
102278.0 0
102336.0 0
102394.0 0
102452.0 0
102510.0 0
102568.0 0
102626.0 0
102684.0 0
102742.0 0
102800.0 0
102858.0 0
102916.0 0
102974.0 0
103032.0 0
103090.0 0
103148.0 0
103206.0 0
103264.0 0
103322.0 0
103380.0 0
103438.0 0
103496.0 0
103554.0 0
103612.0 0
103670.0 0
103728.0 0
103786.0 0
103844.0 0
103902.0 0
103960.0 0
104018.0 0
104076.0 0
104134.0 0
104192.0 0
104250.0 0
104308.0 0
104366.0 0
104424.0 0
104482.0 0
104540.0 0
104598.0 0
104656.0 0
104714.0 0
104772.0 0
104830.0 0
104888.0 0
104946.0 0
105004.0 0
105062.0 0
105120.0 0
105178.0 0.0010365
105236.0 0.00111
105294.0 0.0011889
105352.0 0.0012677
105410.0 0.0013505
105468.0 0.001453
105526.0 0.0015553
105584.0 0.0016575
105642.0 0.0017847
105700.0 0.0019214
105758.0 0.0020579
105816.0 0.0022065
105874.0 0.0023872
105932.0 0.0025677
105990.0 0.0027478
106048.0 0.0029753
106106.0 0.0032123
106164.0 0.003449
106222.0 0.0037145
106280.0 0.0040275
106338.0 0.00434
106396.0 0.0046519
106454.0 0.005061
106512.0 0.0054766
106570.0 0.0058915
106628.0 0.0063758
106686.0 0.0069342
106744.0 0.0074918
106802.0 0.0080548
106860.0 0.0087946
106918.0 0.0095332
106976.0 0.010271
107034.0 0.011142
107092.0 0.012108
107150.0 0.013073
107208.0 0.014074
107266.0 0.015315
107324.0 0.016554
107382.0 0.017792
107440.0 0.019263
107498.0 0.020838
107556.0 0.022411
107614.0 0.024083
107672.0 0.026073
107730.0 0.028059
107788.0 0.030043
107846.0 0.032434
107904.0 0.034928
107962.0 0.037418
108020.0 0.040164
108078.0 0.043401
108136.0 0.046632
108194.0 0.049858
108252.0 0.053892
108310.0 0.058012
108368.0 0.062126
108426.0 0.066718
108484.0 0.0719
108542.0 0.077073
108600.0 0.082238
108658.0 0.088688
108716.0 0.095128
108774.0 0.10156
108832.0 0.10879
108890.0 0.11667
108948.0 0.12454
109006.0 0.13255
109064.0 0.14197
109122.0 0.15137
109180.0 0.16075
109238.0 0.17118
109296.0 0.18215
109354.0 0.19311
109412.0 0.2043
109470.0 0.21647
109528.0 0.22862
109586.0 0.24075
109644.0 0.25297
109702.0 0.26521
109760.0 0.27743
109818.0 0.28943
109876.0 0.30096
109934.0 0.31247
109992.0 0.32396
110050.0 0.33443
110108.0 0.34473
110166.0 0.35502
110224.0 0.36457
110282.0 0.37308
110340.0 0.38158
110398.0 0.39007
110456.0 0.39649
110514.0 0.40282
110572.0 0.40915
110630.0 0.41449
110688.0 0.41891
110746.0 0.42333
110804.0 0.42765
110862.0 0.43086
110920.0 0.43407
110978.0 0.43727
111036.0 0.43992
111094.0 0.44224
111152.0 0.44455
111210.0 0.44675
111268.0 0.44841
111326.0 0.45007
111384.0 0.45174
111442.0 0.45304
111500.0 0.45419
111558.0 0.45535
111616.0 0.45637
111674.0 0.45704
111732.0 0.4577
111790.0 0.45837
111848.0 0.45873
111906.0 0.45903
111964.0 0.45933
112022.0 0.45951
112080.0 0.45948
112138.0 0.45945
112196.0 0.45943
112254.0 0.45916
112312.0 0.45887
112370.0 0.45858
112428.0 0.4582
112486.0 0.45775
112544.0 0.45729
112602.0 0.45683
112660.0 0.45634
112718.0 0.45586
112776.0 0.45537
112834.0 0.4549
112892.0 0.45444
112950.0 0.45399
113008.0 0.45354
113066.0 0.45319
113124.0 0.45283
113182.0 0.45247
113240.0 0.45222
113298.0 0.45202
113356.0 0.45182
113414.0 0.4517
113472.0 0.45179
113530.0 0.45189
113588.0 0.45199
113646.0 0.45226
113704.0 0.45257
113762.0 0.45288
113820.0 0.45324
113878.0 0.45369
113936.0 0.45413
113994.0 0.45458
114052.0 0.45511
114110.0 0.45565
114168.0 0.45619
114226.0 0.45675
114284.0 0.45734
114342.0 0.45793
114400.0 0.45851
114458.0 0.45899
114516.0 0.45947
114574.0 0.45994
114632.0 0.46029
114690.0 0.46053
114748.0 0.46077
114806.0 0.46097
114864.0 0.46082
114922.0 0.46067
114980.0 0.46052
115038.0 0.46013
115096.0 0.45962
115154.0 0.45911
115212.0 0.45824
115270.0 0.456
115328.0 0.45375
115386.0 0.45151
115444.0 0.44778
115502.0 0.44358
115560.0 0.43937
115618.0 0.43448
115676.0 0.42807
115734.0 0.42165
115792.0 0.41523
115850.0 0.40654
115908.0 0.39749
115966.0 0.38843
116024.0 0.37805
116082.0 0.36581
116140.0 0.35357
116198.0 0.34133
116256.0 0.32798
116314.0 0.3146
116372.0 0.30121
116430.0 0.28755
116488.0 0.27365
116546.0 0.25975
116604.0 0.24587
116662.0 0.23239
116720.0 0.2189
116778.0 0.2054
116836.0 0.19309
116894.0 0.18151
116952.0 0.16992
117010.0 0.15861
117068.0 0.14866
117126.0 0.1387
117184.0 0.12874
117242.0 0.11996
117300.0 0.11164
117358.0 0.10331
117416.0 0.095559
117474.0 0.089305
117532.0 0.08305
117590.0 0.076793
117648.0 0.071717
117706.0 0.066886
117764.0 0.062054
117822.0 0.057579
117880.0 0.053689
117938.0 0.049798
117996.0 0.045907
118054.0 0.042789
118112.0 0.039728
118170.0 0.036666
118228.0 0.034047
118286.0 0.031901
118344.0 0.029755
118402.0 0.027622
118460.0 0.025864
118518.0 0.024106
118576.0 0.022347
118634.0 0.020791
118692.0 0.019376
118750.0 0.017962
118808.0 0.016597
118866.0 0.015546
118924.0 0.014495
118982.0 0.013444
119040.0 0.012554
119098.0 0.011736
119156.0 0.010919
119214.0 0.010136
119272.0 0.0094651
119330.0 0.0087939
119388.0 0.0081225
119446.0 0.007564
119504.0 0.0070349
119562.0 0.0065057
119620.0 0.0060263
119678.0 0.0056419
119736.0 0.0052574
119794.0 0.0048729
119852.0 0.0045474
119910.0 0.0042288
119968.0 0.00391
120026.0 0.0036174
120084.0 0.0033571
120142.0 0.0030969
120200.0 0.0028369
120258.0 0.0026486
120316.0 0.0024605
120374.0 0.0022724
120432.0 0.0021022
120490.0 0.0019466
120548.0 0.0017911
120606.0 0.0016385
120664.0 0.0015101
120722.0 0.0013817
120780.0 0.0012535
120838.0 0.0011444
120896.0 0.0010456
120954.0 0
121012.0 0
121070.0 0
121128.0 0
121186.0 0
121244.0 0
121302.0 0
121360.0 0
121418.0 0
121476.0 0
121534.0 0
121592.0 0
121650.0 0
121708.0 0
121766.0 0
121824.0 0
121882.0 0
121940.0 0
121998.0 0
122056.0 0
122114.0 0
122172.0 0
122230.0 0
122288.0 0
122346.0 0
122404.0 0
122462.0 0
122520.0 0
122578.0 0
122636.0 0
122694.0 0
122752.0 0
122810.0 0
122868.0 0
122926.0 0
122984.0 0
123042.0 0
123100.0 0
123158.0 0
123216.0 0
123274.0 0
123332.0 0
123390.0 0
123448.0 0
123506.0 0
123564.0 0
123622.0 0
123680.0 0
123738.0 0
123796.0 0
