# v7
# Dated Jan 2025 (post-flight)
# filters+DBS+QE+OTE (nrc_plus_ote)
# Units of transmission are PCE (photon to electron conversion efficiency)
# 
17482.0  0.000000e+00
17492.0  0.000000e+00
17502.0  1.662559e-07
17512.0  6.556320e-07
17522.0  2.619620e-07
17532.0  6.663900e-07
17542.0  9.389949e-07
17552.0  1.283177e-06
17562.0  5.921380e-07
17572.0  3.683909e-07
17582.0  1.559432e-06
17592.0  7.263298e-07
17602.0  7.209251e-07
17612.0  1.086488e-06
17622.0  4.392921e-07
17632.0  7.377533e-07
17642.0  7.261640e-07
17652.0  5.130145e-07
17662.0  1.292853e-06
17672.0  1.103872e-06
17682.0  4.775385e-07
17692.0  1.623453e-07
17702.0  1.124612e-06
17712.0  9.426206e-07
17722.0  3.610650e-07
17732.0  6.786742e-07
17742.0  9.594302e-07
17752.0  1.379075e-06
17762.0  5.116230e-07
17772.0  8.342921e-07
17782.0  3.554472e-07
17792.0  1.068059e-06
17802.0  5.839344e-07
17812.0  1.033870e-06
17822.0  1.012385e-06
17832.0  1.891212e-06
17842.0  7.977966e-07
17852.0  1.390392e-07
17862.0  1.312443e-06
17872.0  1.152458e-06
17882.0  9.296096e-07
17892.0  7.291743e-07
17902.0  6.254461e-07
17912.0  1.326097e-06
17922.0  1.202984e-06
17932.0  2.125432e-06
17942.0  2.265271e-06
17952.0  2.119461e-07
17962.0  9.689299e-07
17972.0  1.187982e-06
17982.0  1.039784e-06
17992.0  1.264322e-06
18002.0  1.745188e-06
18012.0  6.101413e-07
18022.0  7.667897e-07
18032.0  1.340197e-06
18042.0  1.670209e-06
18052.0  7.638736e-07
18062.0  2.382944e-06
18072.0  8.929491e-07
18082.0  1.852791e-06
18092.0  2.096376e-06
18102.0  1.942604e-06
18112.0  6.853795e-07
18122.0  2.381249e-06
18132.0  2.124376e-06
18142.0  1.574328e-06
18152.0  1.714475e-06
18162.0  2.171806e-06
18172.0  1.811975e-06
18182.0  3.495008e-06
18192.0  4.119083e-06
18202.0  5.089396e-06
18212.0  6.036070e-06
18222.0  7.390778e-06
18232.0  1.042852e-05
18242.0  1.164689e-05
18252.0  1.631417e-05
18262.0  1.758618e-05
18272.0  2.273296e-05
18282.0  2.863608e-05
18292.0  3.400929e-05
18302.0  4.242422e-05
18312.0  5.055629e-05
18322.0  6.404756e-05
18332.0  7.625433e-05
18342.0  9.518306e-05
18352.0  1.209631e-04
18362.0  1.578720e-04
18372.0  2.009788e-04
18382.0  2.718491e-04
18392.0  3.813522e-04
18402.0  5.593140e-04
18412.0  8.516759e-04
18422.0  1.342159e-03
18432.0  2.182307e-03
18442.0  3.486703e-03
18452.0  5.453157e-03
18462.0  8.209917e-03
18472.0  1.178134e-02
18482.0  1.540846e-02
18492.0  1.918055e-02
18502.0  2.260735e-02
18512.0  2.633768e-02
18522.0  3.018741e-02
18532.0  3.436231e-02
18542.0  3.756446e-02
18552.0  4.400518e-02
18562.0  5.082781e-02
18572.0  6.013567e-02
18582.0  7.083853e-02
18592.0  8.580959e-02
18602.0  1.044183e-01
18612.0  1.305857e-01
18622.0  1.639723e-01
18632.0  2.053074e-01
18642.0  2.588555e-01
18652.0  3.101502e-01
18662.0  3.583589e-01
18672.0  3.948488e-01
18682.0  4.175626e-01
18692.0  4.286059e-01
18702.0  4.355472e-01
18712.0  4.377372e-01
18722.0  4.378847e-01
18732.0  4.386423e-01
18742.0  4.367090e-01
18752.0  4.365176e-01
18762.0  4.340860e-01
18772.0  4.301706e-01
18782.0  4.231238e-01
18792.0  4.120608e-01
18802.0  3.941869e-01
18812.0  3.659379e-01
18822.0  3.280504e-01
18832.0  2.826743e-01
18842.0  2.355753e-01
18852.0  1.928969e-01
18862.0  1.570327e-01
18872.0  1.280465e-01
18882.0  1.062219e-01
18892.0  8.843368e-02
18902.0  7.503819e-02
18912.0  6.426571e-02
18922.0  5.614647e-02
18932.0  4.867648e-02
18942.0  4.266688e-02
18952.0  3.671701e-02
18962.0  3.118097e-02
18972.0  2.615369e-02
18982.0  2.152301e-02
18992.0  1.708595e-02
19002.0  1.263490e-02
19012.0  9.022531e-03
19022.0  6.186516e-03
19032.0  4.134915e-03
19042.0  2.670792e-03
19052.0  1.722296e-03
19062.0  1.125071e-03
19072.0  7.495145e-04
19082.0  5.113587e-04
19092.0  3.639344e-04
19102.0  2.608050e-04
19112.0  1.956034e-04
19122.0  1.482979e-04
19132.0  1.145004e-04
19142.0  8.947708e-05
19152.0  7.231612e-05
19162.0  5.858496e-05
19172.0  4.715671e-05
19182.0  3.763810e-05
19192.0  2.842218e-05
19202.0  2.586266e-05
19212.0  2.070281e-05
19222.0  1.540430e-05
19232.0  1.342162e-05
19242.0  1.048603e-05
19252.0  7.422268e-06
19262.0  6.030101e-06
19272.0  6.222164e-06
19282.0  5.140290e-06
19292.0  4.765562e-06
19302.0  2.687538e-06
19312.0  4.334050e-06
19322.0  3.765373e-06
19332.0  2.251052e-06
19342.0  1.350350e-06
19352.0  3.748066e-06
19362.0  2.789260e-06
19372.0  1.313376e-06
19382.0  2.869608e-06
19392.0  1.410497e-06
19402.0  1.900202e-06
19412.0  1.455163e-06
19422.0  2.667652e-06
19432.0  6.406384e-07
19442.0  1.666838e-06
19452.0  3.018901e-07
19462.0  1.293022e-06
19472.0  1.752435e-06
19482.0  2.984173e-07
19492.0  1.441516e-06
19502.0  2.899403e-06
19512.0  7.736579e-07
19522.0  6.485539e-07
19532.0  2.119919e-06
19542.0  1.180325e-06
19552.0  1.248497e-06
19562.0  8.629298e-07
19572.0  4.665373e-11
19582.0  6.148627e-07
19592.0  1.687141e-06
19602.0  2.155944e-06
19612.0  4.775644e-07
19622.0  1.126283e-06
19632.0  2.889688e-07
19642.0  9.911001e-07
19652.0  1.857118e-06
19662.0  1.009187e-06
19672.0  1.080178e-06
19682.0  9.898996e-07
19692.0  2.136902e-06
19702.0  1.268863e-06
19712.0  3.965988e-07
19722.0  1.059736e-06
19732.0  4.686029e-11
19742.0  2.258537e-06
19752.0  4.687862e-11
19762.0  2.375203e-06
19772.0  1.772799e-06
19782.0  4.917227e-07
19792.0  1.005351e-06
19802.0  2.265474e-06
19812.0  2.320472e-06
19822.0  1.709627e-07
19832.0  2.196005e-06
19842.0  1.534936e-06
19852.0  1.572777e-06
19862.0  1.315756e-06
19872.0  1.045392e-06
19882.0  7.462435e-07
19892.0  1.049817e-06
19902.0  9.622756e-07
19912.0  2.566259e-06
19922.0  2.030517e-06
19932.0  1.159942e-06
19942.0  8.560730e-08
19952.0  2.043656e-06
19962.0  1.068672e-06
19972.0  2.659184e-07
19982.0  2.269712e-06
19992.0  3.444724e-07
20002.0  4.747894e-07
20012.0  0.000000e+00
20022.0  0.000000e+00
