# WAVELENGTH THROUGHPUT
# 
# From MIRI_endtoend_throughputs_v4.0/MIRI_F1500W_endtoend_throughput_perphoton_ETC4.0.fits
# via https://jwst-docs.stsci.edu/jwst-mid-infrared-instrument/miri-technical-library#MIRITechnicalLibrary-Technicaldata
# Retrieved 31 March 2026
#
# July 25, 2024
# MIRI Imager F1500W end-to-end throughput (per photon)
# Computed using Pandeia Data Version 4.0
# Includes optical telescope element (OTE) transmission
# Includes detector quantum efficiency (QE)
    
126580.0 0
126638.0 0
126696.0 0
126754.0 0
126812.0 0
126870.0 0
126928.0 0
126986.0 0
127044.0 0
127102.0 0
127160.0 0
127218.0 0
127276.0 0
127334.0 0
127392.0 0
127450.0 0
127508.0 0
127566.0 0
127624.0 0
127682.0 0
127740.0 0
127798.0 0
127856.0 0
127914.0 0
127972.0 0
128030.0 0
128088.0 0
128146.0 0
128204.0 0
128262.0 0
128320.0 0
128378.0 0
128436.0 0
128494.0 0
128552.0 0
128610.0 0
128668.0 0
128726.0 0
128784.0 0
128842.0 0
128900.0 0
128958.0 0
129016.0 0
129074.0 0
129132.0 0
129190.0 0
129248.0 0
129306.0 0
129364.0 0
129422.0 0
129480.0 0.00098474
129538.0 0.0010383
129596.0 0.0010919
129654.0 0.0011507
129712.0 0.0012099
129770.0 0.0012691
129828.0 0.0013358
129886.0 0.0014105
129944.0 0.0014853
130002.0 0.0015607
130060.0 0.0016556
130118.0 0.0017505
130176.0 0.0018452
130234.0 0.0019537
130292.0 0.0020718
130350.0 0.0021898
130408.0 0.0023106
130466.0 0.002449
130524.0 0.0025873
130582.0 0.0027254
130640.0 0.0028759
130698.0 0.003032
130756.0 0.0031879
130814.0 0.0033504
130872.0 0.0035341
130930.0 0.0037177
130988.0 0.003901
131046.0 0.0041131
131104.0 0.0043325
131162.0 0.0045516
131220.0 0.0047924
131278.0 0.0050747
131336.0 0.0053566
131394.0 0.0056382
131452.0 0.005979
131510.0 0.0063263
131568.0 0.0066731
131626.0 0.0070573
131684.0 0.0074874
131742.0 0.0079169
131800.0 0.0083458
131858.0 0.0088755
131916.0 0.0094044
131974.0 0.0099326
132032.0 0.010529
132090.0 0.011182
132148.0 0.011833
132206.0 0.012503
132264.0 0.01334
132322.0 0.014176
132380.0 0.01501
132438.0 0.015986
132496.0 0.017034
132554.0 0.01808
132612.0 0.019185
132670.0 0.020518
132728.0 0.021849
132786.0 0.023179
132844.0 0.024756
132902.0 0.026411
132960.0 0.028063
133018.0 0.029842
133076.0 0.031903
133134.0 0.033961
133192.0 0.036016
133250.0 0.038494
133308.0 0.041037
133366.0 0.043576
133424.0 0.046353
133482.0 0.049469
133540.0 0.05258
133598.0 0.055687
133656.0 0.059444
133714.0 0.063219
133772.0 0.066989
133830.0 0.071149
133888.0 0.075672
133946.0 0.080189
134004.0 0.084757
134062.0 0.090091
134120.0 0.095418
134178.0 0.10074
134236.0 0.10656
134294.0 0.11268
134352.0 0.11879
134410.0 0.12502
134468.0 0.13185
134526.0 0.13866
134584.0 0.14547
134642.0 0.15268
134700.0 0.16004
134758.0 0.16739
134816.0 0.17482
134874.0 0.18251
134932.0 0.19018
134990.0 0.19784
135048.0 0.20579
135106.0 0.21381
135164.0 0.22185
135222.0 0.22981
135280.0 0.23763
135338.0 0.24546
135396.0 0.2533
135454.0 0.26066
135512.0 0.268
135570.0 0.27535
135628.0 0.28234
135686.0 0.28895
135744.0 0.29557
135802.0 0.30217
135860.0 0.30791
135918.0 0.31366
135976.0 0.31941
136034.0 0.32462
136092.0 0.32944
136150.0 0.33427
136208.0 0.33897
136266.0 0.3429
136324.0 0.34684
136382.0 0.35077
136440.0 0.35415
136498.0 0.35727
136556.0 0.3604
136614.0 0.36337
136672.0 0.36581
136730.0 0.36825
136788.0 0.37069
136846.0 0.37268
136904.0 0.37454
136962.0 0.37641
137020.0 0.37813
137078.0 0.37955
137136.0 0.38097
137194.0 0.38239
137252.0 0.3835
137310.0 0.38458
137368.0 0.38566
137426.0 0.38663
137484.0 0.38747
137542.0 0.38831
137600.0 0.38914
137658.0 0.38982
137716.0 0.39049
137774.0 0.39117
137832.0 0.39178
137890.0 0.39234
137948.0 0.39291
138006.0 0.39347
138064.0 0.39396
138122.0 0.39445
138180.0 0.39494
138238.0 0.39539
138296.0 0.39582
138354.0 0.39624
138412.0 0.39665
138470.0 0.39703
138528.0 0.39741
138586.0 0.39778
138644.0 0.39814
138702.0 0.3985
138760.0 0.39885
138818.0 0.39922
138876.0 0.3996
138934.0 0.39998
138992.0 0.40037
139050.0 0.40079
139108.0 0.40122
139166.0 0.40165
139224.0 0.4021
139282.0 0.40258
139340.0 0.40305
139398.0 0.40352
139456.0 0.404
139514.0 0.40448
139572.0 0.40497
139630.0 0.40544
139688.0 0.40592
139746.0 0.40639
139804.0 0.40686
139862.0 0.40733
139920.0 0.40779
139978.0 0.40826
140036.0 0.40882
140094.0 0.40945
140152.0 0.41008
140210.0 0.41072
140268.0 0.41136
140326.0 0.41201
140384.0 0.41266
140442.0 0.41332
140500.0 0.41398
140558.0 0.41465
140616.0 0.41531
140674.0 0.41598
140732.0 0.41664
140790.0 0.41731
140848.0 0.41797
140906.0 0.41863
140964.0 0.41928
141022.0 0.41994
141080.0 0.42058
141138.0 0.42122
141196.0 0.42186
141254.0 0.4225
141312.0 0.42313
141370.0 0.42377
141428.0 0.4244
141486.0 0.42505
141544.0 0.42569
141602.0 0.42634
141660.0 0.42701
141718.0 0.42768
141776.0 0.42836
141834.0 0.42906
141892.0 0.42978
141950.0 0.4305
142008.0 0.43122
142066.0 0.43198
142124.0 0.43273
142182.0 0.43348
142240.0 0.43422
142298.0 0.43496
142356.0 0.43569
142414.0 0.43641
142472.0 0.43706
142530.0 0.43772
142588.0 0.43837
142646.0 0.43891
142704.0 0.43941
142762.0 0.43992
142820.0 0.44037
142878.0 0.4407
142936.0 0.44104
142994.0 0.44138
143052.0 0.44159
143110.0 0.44179
143168.0 0.44199
143226.0 0.44217
143284.0 0.44231
143342.0 0.44245
143400.0 0.44259
143458.0 0.44277
143516.0 0.44295
143574.0 0.44313
143632.0 0.44338
143690.0 0.44367
143748.0 0.44396
143806.0 0.44427
143864.0 0.44468
143922.0 0.4451
143980.0 0.44552
144038.0 0.44597
144096.0 0.44645
144154.0 0.44693
144212.0 0.44741
144270.0 0.44786
144328.0 0.4483
144386.0 0.44875
144444.0 0.44912
144502.0 0.44946
144560.0 0.4498
144618.0 0.45011
144676.0 0.45035
144734.0 0.45059
144792.0 0.45082
144850.0 0.45105
144908.0 0.45127
144966.0 0.45149
145024.0 0.45159
145082.0 0.45152
145140.0 0.45145
145198.0 0.45137
145256.0 0.45153
145314.0 0.45169
145372.0 0.45185
145430.0 0.45213
145488.0 0.45253
145546.0 0.45293
145604.0 0.45334
145662.0 0.45389
145720.0 0.45443
145778.0 0.45498
145836.0 0.45553
145894.0 0.4561
145952.0 0.45666
146010.0 0.4572
146068.0 0.45769
146126.0 0.45817
146184.0 0.45866
146242.0 0.45907
146300.0 0.45945
146358.0 0.45983
146416.0 0.46018
146474.0 0.46048
146532.0 0.46078
146590.0 0.46107
146648.0 0.46133
146706.0 0.46158
146764.0 0.46183
146822.0 0.46207
146880.0 0.4623
146938.0 0.46253
146996.0 0.46276
147054.0 0.46299
147112.0 0.46322
147170.0 0.46345
147228.0 0.46369
147286.0 0.46392
147344.0 0.46415
147402.0 0.46438
147460.0 0.46461
147518.0 0.46485
147576.0 0.46509
147634.0 0.46533
147692.0 0.46558
147750.0 0.46583
147808.0 0.46609
147866.0 0.46635
147924.0 0.46662
147982.0 0.46688
148040.0 0.46714
148098.0 0.46739
148156.0 0.46764
148214.0 0.46788
148272.0 0.46809
148330.0 0.46831
148388.0 0.46852
148446.0 0.46868
148504.0 0.46884
148562.0 0.46899
148620.0 0.46911
148678.0 0.46917
148736.0 0.46923
148794.0 0.46929
148852.0 0.46923
148910.0 0.46916
148968.0 0.46909
149026.0 0.46896
149084.0 0.46875
149142.0 0.46855
149200.0 0.46834
149258.0 0.46809
149316.0 0.46784
149374.0 0.46759
149432.0 0.4674
149490.0 0.46726
149548.0 0.46712
149606.0 0.467
149664.0 0.46706
149722.0 0.46712
149780.0 0.46718
149838.0 0.46733
149896.0 0.46753
149954.0 0.46773
150012.0 0.46789
150070.0 0.46793
150128.0 0.46796
150186.0 0.468
150244.0 0.46796
150302.0 0.46789
150360.0 0.46782
150418.0 0.4677
150476.0 0.46749
150534.0 0.46727
150592.0 0.46706
150650.0 0.46673
150708.0 0.46639
150766.0 0.46604
150824.0 0.46566
150882.0 0.46522
150940.0 0.46478
150998.0 0.46435
151056.0 0.46385
151114.0 0.46335
151172.0 0.46285
151230.0 0.46232
151288.0 0.46178
151346.0 0.46123
151404.0 0.46068
151462.0 0.46009
151520.0 0.45949
151578.0 0.4589
151636.0 0.45828
151694.0 0.45765
151752.0 0.45701
151810.0 0.45637
151868.0 0.45568
151926.0 0.455
151984.0 0.45431
152042.0 0.45359
152100.0 0.45285
152158.0 0.4521
152216.0 0.45135
152274.0 0.45055
152332.0 0.44974
152390.0 0.44894
152448.0 0.44809
152506.0 0.44723
152564.0 0.44638
152622.0 0.4455
152680.0 0.44461
152738.0 0.44371
152796.0 0.44281
152854.0 0.44191
152912.0 0.44101
152970.0 0.44011
153028.0 0.43922
153086.0 0.43836
153144.0 0.43749
153202.0 0.43662
153260.0 0.43582
153318.0 0.43502
153376.0 0.43422
153434.0 0.43348
153492.0 0.43277
153550.0 0.43207
153608.0 0.43138
153666.0 0.43079
153724.0 0.43021
153782.0 0.42962
153840.0 0.42911
153898.0 0.42864
153956.0 0.42816
154014.0 0.42772
154072.0 0.42735
154130.0 0.42699
154188.0 0.42663
154246.0 0.42633
154304.0 0.42606
154362.0 0.42578
154420.0 0.42553
154478.0 0.42532
154536.0 0.42511
154594.0 0.42489
154652.0 0.42472
154710.0 0.42455
154768.0 0.42438
154826.0 0.42423
154884.0 0.42408
154942.0 0.42394
155000.0 0.4238
155058.0 0.42358
155116.0 0.42336
155174.0 0.42314
155232.0 0.42292
155290.0 0.42269
155348.0 0.42247
155406.0 0.42225
155464.0 0.422
155522.0 0.42175
155580.0 0.42151
155638.0 0.42124
155696.0 0.42096
155754.0 0.42068
155812.0 0.42039
155870.0 0.42007
155928.0 0.41975
155986.0 0.41943
156044.0 0.4191
156102.0 0.41876
156160.0 0.41841
156218.0 0.41807
156276.0 0.41772
156334.0 0.41738
156392.0 0.41703
156450.0 0.4167
156508.0 0.41637
156566.0 0.41604
156624.0 0.41572
156682.0 0.41542
156740.0 0.41512
156798.0 0.41482
156856.0 0.41456
156914.0 0.4143
156972.0 0.41403
157030.0 0.4138
157088.0 0.41359
157146.0 0.41338
157204.0 0.41318
157262.0 0.41305
157320.0 0.41291
157378.0 0.41278
157436.0 0.41271
157494.0 0.41268
157552.0 0.41265
157610.0 0.41265
157668.0 0.41275
157726.0 0.41285
157784.0 0.41295
157842.0 0.41315
157900.0 0.41338
157958.0 0.41362
158016.0 0.41388
158074.0 0.41423
158132.0 0.41457
158190.0 0.41492
158248.0 0.41533
158306.0 0.41576
158364.0 0.41618
158422.0 0.41663
158480.0 0.41709
158538.0 0.41756
158596.0 0.41803
158654.0 0.41849
158712.0 0.41896
158770.0 0.41942
158828.0 0.41987
158886.0 0.4203
158944.0 0.42073
159002.0 0.42116
159060.0 0.42153
159118.0 0.42191
159176.0 0.42228
159234.0 0.42262
159292.0 0.42294
159350.0 0.42325
159408.0 0.42356
159466.0 0.42382
159524.0 0.42407
159582.0 0.42433
159640.0 0.42456
159698.0 0.42478
159756.0 0.42501
159814.0 0.42522
159872.0 0.42541
159930.0 0.4256
159988.0 0.42579
160046.0 0.42617
160104.0 0.42659
160162.0 0.427
160220.0 0.42741
160278.0 0.42778
160336.0 0.42815
160394.0 0.42852
160452.0 0.42882
160510.0 0.4291
160568.0 0.42939
160626.0 0.42964
160684.0 0.42983
160742.0 0.43002
160800.0 0.43021
160858.0 0.4303
160916.0 0.43039
160974.0 0.43048
161032.0 0.43052
161090.0 0.43052
161148.0 0.43052
161206.0 0.43051
161264.0 0.43044
161322.0 0.43037
161380.0 0.4303
161438.0 0.43018
161496.0 0.43004
161554.0 0.42989
161612.0 0.42974
161670.0 0.42957
161728.0 0.42939
161786.0 0.42922
161844.0 0.42903
161902.0 0.42885
161960.0 0.42867
162018.0 0.42849
162076.0 0.42832
162134.0 0.42815
162192.0 0.42798
162250.0 0.42788
162308.0 0.42779
162366.0 0.4277
162424.0 0.42764
162482.0 0.42763
162540.0 0.42761
162598.0 0.42759
162656.0 0.42764
162714.0 0.42769
162772.0 0.42773
162830.0 0.4278
162888.0 0.4279
162946.0 0.42799
163004.0 0.42808
163062.0 0.42815
163120.0 0.42822
163178.0 0.42829
163236.0 0.42831
163294.0 0.42831
163352.0 0.4283
163410.0 0.42827
163468.0 0.42812
163526.0 0.42797
163584.0 0.42782
163642.0 0.42751
163700.0 0.42715
163758.0 0.42678
163816.0 0.42634
163874.0 0.42569
163932.0 0.42503
163990.0 0.42438
164048.0 0.42339
164106.0 0.42233
164164.0 0.42127
164222.0 0.42003
164280.0 0.41847
164338.0 0.41691
164396.0 0.41535
164454.0 0.41323
164512.0 0.41108
164570.0 0.40892
164628.0 0.40641
164686.0 0.40352
164744.0 0.40064
164802.0 0.39772
164860.0 0.39402
164918.0 0.39033
164976.0 0.38663
165034.0 0.38249
165092.0 0.37805
165150.0 0.3736
165208.0 0.36904
165266.0 0.36375
165324.0 0.35847
165382.0 0.35318
165440.0 0.34739
165498.0 0.34137
165556.0 0.33535
165614.0 0.32918
165672.0 0.32257
165730.0 0.31596
165788.0 0.30934
165846.0 0.30237
165904.0 0.2953
165962.0 0.28822
166020.0 0.28104
166078.0 0.27366
166136.0 0.26627
166194.0 0.25887
166252.0 0.25138
166310.0 0.24388
166368.0 0.23637
166426.0 0.22889
166484.0 0.22145
166542.0 0.21401
166600.0 0.20657
166658.0 0.19938
166716.0 0.19219
166774.0 0.18499
166832.0 0.17805
166890.0 0.17132
166948.0 0.16459
167006.0 0.15792
167064.0 0.15179
167122.0 0.14566
167180.0 0.13953
167238.0 0.13381
167296.0 0.12832
167354.0 0.12282
167412.0 0.11746
167470.0 0.11262
167528.0 0.10779
167586.0 0.10294
167644.0 0.098563
167702.0 0.094327
167760.0 0.090088
167818.0 0.086018
167876.0 0.082326
167934.0 0.078632
167992.0 0.074936
168050.0 0.071669
168108.0 0.068469
168166.0 0.065267
168224.0 0.062245
168282.0 0.059479
168340.0 0.056711
168398.0 0.053941
168456.0 0.051536
168514.0 0.049143
168572.0 0.046749
168630.0 0.04453
168688.0 0.042476
168746.0 0.040421
168804.0 0.038386
168862.0 0.036637
168920.0 0.034886
168978.0 0.033135
169036.0 0.031546
169094.0 0.030055
169152.0 0.028563
169210.0 0.027112
169268.0 0.025864
169326.0 0.024615
169384.0 0.023365
169442.0 0.022278
169500.0 0.021254
169558.0 0.020228
169616.0 0.019252
169674.0 0.018405
169732.0 0.017558
169790.0 0.01671
169848.0 0.015987
169906.0 0.01529
169964.0 0.014593
170022.0 0.01394
170080.0 0.013361
170138.0 0.012782
170196.0 0.012203
170254.0 0.011696
170312.0 0.011195
170370.0 0.010694
170428.0 0.010227
170486.0 0.0097962
170544.0 0.009366
170602.0 0.008938
170660.0 0.0085682
170718.0 0.0081985
170776.0 0.0078289
170834.0 0.0074863
170892.0 0.0071628
170950.0 0.0068394
171008.0 0.0065223
171066.0 0.0062441
171124.0 0.0059659
171182.0 0.0056879
171240.0 0.0054356
171298.0 0.0051949
171356.0 0.0049542
171414.0 0.0047201
171472.0 0.004506
171530.0 0.0042919
171588.0 0.004078
171646.0 0.0038856
171704.0 0.0036989
171762.0 0.0035123
171820.0 0.0033346
171878.0 0.0031737
171936.0 0.0030129
171994.0 0.0028521
172052.0 0.0027128
172110.0 0.0025761
172168.0 0.0024395
172226.0 0.0023144
172284.0 0.0022036
172342.0 0.0020928
172400.0 0.0019821
172458.0 0.0018936
172516.0 0.0018052
172574.0 0.0017168
172632.0 0.001639
172690.0 0.0015696
172748.0 0.0015003
172806.0 0.0014322
172864.0 0.0013737
172922.0 0.0013153
172980.0 0.0012569
173038.0 0.0012033
173096.0 0.0011524
173154.0 0.0011015
173212.0 0.0010515
173270.0 0.0010049
173328.0 0
173386.0 0
173444.0 0
173502.0 0
173560.0 0
173618.0 0
173676.0 0
173734.0 0
173792.0 0
173850.0 0
173908.0 0
173966.0 0
174024.0 0
174082.0 0
174140.0 0
174198.0 0
174256.0 0
174314.0 0
174372.0 0
174430.0 0
174488.0 0
174546.0 0
174604.0 0
174662.0 0
174720.0 0
174778.0 0
174836.0 0
174894.0 0
174952.0 0
175010.0 0
175068.0 0
175126.0 0
175184.0 0
175242.0 0
175300.0 0
175358.0 0
175416.0 0
175474.0 0
175532.0 0
175590.0 0
175648.0 0
175706.0 0
175764.0 0
175822.0 0
175880.0 0
175938.0 0
175996.0 0
176054.0 0
176112.0 0
176170.0 0
