# v7
# Dated Jan 2025 (post-flight)
# filters+DBS+QE+OTE (nrc_plus_ote)
# Units of transmission are PCE (photon to electron conversion efficiency)
# 
39469.5  0.000000e+00
39483.0  0.000000e+00
39496.5  6.090904e-06
39510.0  6.092425e-06
39523.5  6.093463e-06
39537.0  8.672643e-06
39550.5  1.045640e-05
39564.1  1.200157e-05
39577.6  1.358898e-05
39591.1  1.548831e-05
39604.6  1.836019e-05
39618.1  2.210314e-05
39631.6  3.012277e-05
39645.1  4.100964e-05
39658.6  5.419856e-05
39672.2  6.899649e-05
39685.7  8.469858e-05
39699.2  1.013660e-04
39712.7  1.180764e-04
39726.2  1.304774e-04
39739.7  1.408842e-04
39753.2  1.540238e-04
39766.7  1.686987e-04
39780.3  1.835202e-04
39793.8  2.002859e-04
39807.3  2.218436e-04
39820.8  2.465373e-04
39834.3  2.701454e-04
39847.8  2.922471e-04
39861.3  3.158086e-04
39874.8  3.451485e-04
39888.4  3.811466e-04
39901.9  4.264330e-04
39915.4  4.847525e-04
39928.9  5.591116e-04
39942.4  6.476626e-04
39955.9  7.460822e-04
39969.4  8.573653e-04
39982.9  9.818193e-04
39996.5  1.121935e-03
40010.0  1.284625e-03
40023.5  1.479813e-03
40037.0  1.717999e-03
40050.5  2.010227e-03
40064.0  2.375074e-03
40077.5  2.830374e-03
40091.0  3.407049e-03
40104.5  4.142952e-03
40118.1  5.088960e-03
40131.6  6.318303e-03
40145.1  7.937969e-03
40158.6  1.010810e-02
40172.1  1.306832e-02
40185.6  1.715644e-02
40199.1  2.290494e-02
40212.6  3.108434e-02
40226.2  4.281651e-02
40239.7  5.964164e-02
40253.2  8.345093e-02
40266.7  1.156345e-01
40280.2  1.562450e-01
40293.7  2.033998e-01
40307.2  2.529348e-01
40320.7  2.995949e-01
40334.3  3.383785e-01
40347.8  3.661790e-01
40361.3  3.823686e-01
40374.8  3.894453e-01
40388.3  3.905011e-01
40401.8  3.894847e-01
40415.3  3.891773e-01
40428.8  3.908118e-01
40442.4  3.948417e-01
40455.9  4.010078e-01
40469.4  4.084566e-01
40482.9  4.162202e-01
40496.4  4.231366e-01
40509.9  4.283468e-01
40523.4  4.313448e-01
40536.9  4.318606e-01
40550.5  4.300031e-01
40564.0  4.263366e-01
40577.5  4.214815e-01
40591.0  4.162092e-01
40604.5  4.110571e-01
40618.0  4.063561e-01
40631.5  4.021423e-01
40645.0  3.975751e-01
40658.6  3.916481e-01
40672.1  3.832686e-01
40685.6  3.709778e-01
40699.1  3.538005e-01
40712.6  3.312878e-01
40726.1  3.032655e-01
40739.6  2.706956e-01
40753.1  2.352009e-01
40766.7  1.980459e-01
40780.2  1.622657e-01
40793.7  1.296066e-01
40807.2  1.013066e-01
40820.7  7.792951e-02
40834.2  5.932323e-02
40847.7  4.496011e-02
40861.2  3.417783e-02
40874.8  2.613681e-02
40888.3  2.015085e-02
40901.8  1.569141e-02
40915.3  1.234014e-02
40928.8  9.811852e-03
40942.3  7.880723e-03
40955.8  6.387345e-03
40969.3  5.222856e-03
40982.8  4.309162e-03
40996.4  3.584837e-03
41009.9  3.003912e-03
41023.4  2.533220e-03
41036.9  2.149095e-03
41050.4  1.834352e-03
41063.9  1.572821e-03
41077.4  1.353620e-03
41090.9  1.170259e-03
41104.5  1.014851e-03
41118.0  8.822806e-04
41131.5  7.693254e-04
41145.0  6.735626e-04
41158.5  5.921509e-04
41172.0  5.230899e-04
41185.5  4.644497e-04
41199.0  4.145142e-04
41212.6  3.716511e-04
41226.1  3.347631e-04
41239.6  3.022907e-04
41253.1  2.732239e-04
41266.6  2.473875e-04
41280.1  2.248533e-04
41293.6  2.047409e-04
41307.1  1.860188e-04
41320.7  1.683527e-04
41334.2  1.522888e-04
41347.7  1.377156e-04
41361.2  1.240396e-04
41374.7  1.112408e-04
41388.2  9.925400e-05
41401.7  8.816118e-05
41415.2  7.845049e-05
41428.8  7.013865e-05
41442.3  6.247528e-05
41455.8  5.641605e-05
41469.3  5.201129e-05
41482.8  4.782116e-05
41496.3  4.291230e-05
41509.8  0.000000e+00
41523.3  0.000000e+00
