# v7
# Dated Jan 2025 (post-flight)
# filters+DBS+QE+OTE (nrc_plus_ote)
# Units of transmission are PCE (photon to electron conversion efficiency)
# 
15484.0  0.000000e+00
15494.0  0.000000e+00
15504.0  2.936139e-07
15514.0  4.127520e-07
15524.0  1.349015e-06
15534.0  6.325817e-08
15544.0  2.854341e-07
15554.0  9.252833e-07
15564.0  6.669368e-07
15574.0  7.839044e-08
15584.0  1.113120e-06
15594.0  6.760950e-07
15604.0  5.024424e-07
15614.0  1.632354e-06
15624.0  8.320645e-07
15634.0  9.549643e-07
15644.0  4.151492e-11
15654.0  4.769203e-07
15664.0  3.222369e-06
15674.0  2.744056e-07
15684.0  3.735238e-07
15694.0  1.189661e-06
15704.0  1.184595e-06
15714.0  9.706072e-07
15724.0  1.227355e-06
15734.0  4.403786e-07
15744.0  3.889068e-07
15754.0  1.221461e-06
15764.0  1.512689e-06
15774.0  1.025419e-06
15784.0  5.595453e-07
15794.0  1.441618e-06
15804.0  5.452319e-07
15814.0  1.645172e-06
15824.0  1.006513e-06
15834.0  4.142317e-11
15844.0  1.481337e-06
15854.0  3.005008e-07
15864.0  4.127981e-07
15874.0  1.354073e-06
15884.0  1.742072e-06
15894.0  1.280526e-06
15904.0  1.493989e-06
15914.0  2.122561e-06
15924.0  2.314868e-06
15934.0  2.534343e-06
15944.0  3.446820e-06
15954.0  6.355581e-06
15964.0  6.582778e-06
15974.0  8.277442e-06
15984.0  9.738979e-06
15994.0  1.351917e-05
16004.0  1.550197e-05
16014.0  1.729775e-05
16024.0  2.266648e-05
16034.0  2.853039e-05
16044.0  3.403852e-05
16054.0  4.234239e-05
16064.0  5.360716e-05
16074.0  7.002341e-05
16084.0  9.065227e-05
16094.0  1.240657e-04
16104.0  1.695863e-04
16114.0  2.654100e-04
16124.0  3.676181e-04
16134.0  5.949740e-04
16144.0  9.717710e-04
16154.0  1.707607e-03
16164.0  2.803710e-03
16174.0  4.599794e-03
16184.0  7.710984e-03
16194.0  1.012630e-02
16204.0  1.232355e-02
16214.0  1.440363e-02
16224.0  1.767925e-02
16234.0  1.986000e-02
16244.0  1.932857e-02
16254.0  2.366379e-02
16264.0  2.716707e-02
16274.0  3.369153e-02
16284.0  3.539304e-02
16294.0  4.522352e-02
16304.0  5.737144e-02
16314.0  6.846942e-02
16324.0  8.829596e-02
16334.0  1.149883e-01
16344.0  1.542449e-01
16354.0  2.044258e-01
16364.0  2.605284e-01
16374.0  3.217639e-01
16384.0  3.544335e-01
16394.0  3.802680e-01
16404.0  4.020110e-01
16414.0  4.004977e-01
16424.0  3.992932e-01
16434.0  3.970066e-01
16444.0  4.009700e-01
16454.0  4.096337e-01
16464.0  4.032455e-01
16474.0  3.963760e-01
16484.0  3.969073e-01
16494.0  3.641241e-01
16504.0  3.441639e-01
16514.0  3.010885e-01
16524.0  2.560109e-01
16534.0  1.989409e-01
16544.0  1.579319e-01
16554.0  1.259006e-01
16564.0  9.576997e-02
16574.0  7.822659e-02
16584.0  6.313146e-02
16594.0  5.356788e-02
16604.0  4.767491e-02
16614.0  4.106605e-02
16624.0  3.288802e-02
16634.0  2.792093e-02
16644.0  2.799267e-02
16654.0  2.349889e-02
16664.0  2.046404e-02
16674.0  1.695341e-02
16684.0  1.240481e-02
16694.0  9.927092e-03
16704.0  6.659573e-03
16714.0  4.695033e-03
16724.0  2.805060e-03
16734.0  1.730023e-03
16744.0  1.051071e-03
16754.0  5.944669e-04
16764.0  4.075034e-04
16774.0  2.664802e-04
16784.0  2.026307e-04
16794.0  1.408925e-04
16804.0  1.084385e-04
16814.0  8.321171e-05
16824.0  6.631482e-05
16834.0  5.399060e-05
16844.0  4.073814e-05
16854.0  3.458827e-05
16864.0  2.714723e-05
16874.0  2.183975e-05
16884.0  1.841768e-05
16894.0  1.467957e-05
16904.0  9.051832e-06
16914.0  8.063337e-06
16924.0  9.077097e-06
16934.0  4.874994e-06
16944.0  5.240486e-06
16954.0  3.424474e-06
16964.0  4.318909e-06
16974.0  3.345366e-07
16984.0  2.477610e-06
16994.0  1.422435e-06
17004.0  2.748481e-06
17014.0  1.054074e-06
17024.0  1.444863e-06
17034.0  1.950179e-06
17044.0  3.512755e-06
17054.0  1.903074e-06
17064.0  4.729686e-07
17074.0  1.812205e-06
17084.0  9.260420e-07
17094.0  7.687577e-07
17104.0  1.208562e-06
17114.0  7.217337e-07
17124.0  2.484494e-06
17134.0  1.780112e-06
17144.0  1.675582e-06
17154.0  1.241693e-06
17164.0  2.698550e-06
17174.0  6.867967e-07
17184.0  2.523062e-06
17194.0  7.532760e-07
17204.0  1.025525e-06
17214.0  3.843287e-07
17224.0  1.193479e-06
17234.0  6.228421e-07
17244.0  2.662788e-06
17254.0  1.004952e-06
17264.0  7.031524e-07
17274.0  1.048145e-07
17284.0  1.286311e-06
17294.0  1.431914e-06
17304.0  9.799791e-07
17314.0  4.446224e-07
17324.0  1.769909e-06
17334.0  5.931995e-07
17344.0  2.261496e-06
17354.0  2.046892e-06
17364.0  6.346572e-07
17374.0  1.008540e-06
17384.0  1.115915e-07
17394.0  8.350746e-07
17404.0  6.093970e-08
17414.0  2.231531e-06
17424.0  3.396980e-08
17434.0  1.200195e-06
17444.0  1.586625e-06
17454.0  1.239886e-06
17464.0  2.694126e-06
17474.0  1.644081e-07
17484.0  1.057779e-06
17494.0  8.104909e-07
17504.0  1.300026e-06
17514.0  0.000000e+00
17524.0  0.000000e+00
