# WAVELENGTH THROUGHPUT
# 
# From MIRI_endtoend_throughputs_v4.0/MIRI_F560W_endtoend_throughput_perphoton_ETC4.0.fits
# via https://jwst-docs.stsci.edu/jwst-mid-infrared-instrument/miri-technical-library#MIRITechnicalLibrary-Technicaldata
# Retrieved 31 March 2026
#
# July 25, 2024
# MIRI Imager F560W end-to-end throughput (per photon)
# Computed using Pandeia Data Version 4.0
# Includes optical telescope element (OTE) transmission
# Includes detector quantum efficiency (QE)
    
45670.0 0
45728.0 0
45786.0 0
45844.0 0
45902.0 0
45960.0 0
46018.0 0
46076.0 0
46134.0 0
46192.0 0
46250.0 0
46308.0 0
46366.0 0
46424.0 0
46482.0 0
46540.0 0
46598.0 0
46656.0 0
46714.0 0
46772.0 0
46830.0 0
46888.0 0
46946.0 0
47004.0 0
47062.0 0
47120.0 0
47178.0 0
47236.0 0
47294.0 0
47352.0 0
47410.0 0
47468.0 0
47526.0 0
47584.0 0
47642.0 0
47700.0 0
47758.0 0
47816.0 0
47874.0 0
47932.0 0
47990.0 0
48048.0 0
48106.0 0
48164.0 0
48222.0 0
48280.0 0
48338.0 0
48396.0 0
48454.0 0
48512.0 0
48570.0 0.0011341
48628.0 0.0014264
48686.0 0.0018091
48744.0 0.0021928
48802.0 0.0025763
48860.0 0.0029287
48918.0 0.0032819
48976.0 0.0036361
49034.0 0.0039164
49092.0 0.0041446
49150.0 0.0043734
49208.0 0.0046163
49266.0 0.0049438
49324.0 0.0052721
49382.0 0.0056013
49440.0 0.0061871
49498.0 0.0068897
49556.0 0.007594
49614.0 0.0084948
49672.0 0.01001
49730.0 0.011529
49788.0 0.013052
49846.0 0.016014
49904.0 0.019359
49962.0 0.022713
50020.0 0.027462
50078.0 0.03487
50136.0 0.042306
50194.0 0.049769
50252.0 0.063203
50310.0 0.077375
50368.0 0.091598
50426.0 0.10773
50484.0 0.12621
50542.0 0.14475
50600.0 0.16336
50658.0 0.17572
50716.0 0.18812
50774.0 0.20056
50832.0 0.20748
50890.0 0.20988
50948.0 0.21229
51006.0 0.21428
51064.0 0.21251
51122.0 0.21074
51180.0 0.20897
51238.0 0.20733
51296.0 0.20577
51354.0 0.2042
51412.0 0.20296
51470.0 0.20303
51528.0 0.2031
51586.0 0.20317
51644.0 0.20487
51702.0 0.20711
51760.0 0.20935
51818.0 0.212
51876.0 0.21557
51934.0 0.21916
51992.0 0.22275
52050.0 0.22563
52108.0 0.22841
52166.0 0.23119
52224.0 0.23292
52282.0 0.23316
52340.0 0.2334
52398.0 0.23364
52456.0 0.23135
52514.0 0.22897
52572.0 0.22658
52630.0 0.22373
52688.0 0.22047
52746.0 0.2172
52804.0 0.21395
52862.0 0.21115
52920.0 0.20835
52978.0 0.20553
53036.0 0.20347
53094.0 0.20188
53152.0 0.20028
53210.0 0.19899
53268.0 0.19923
53326.0 0.19946
53384.0 0.1997
53442.0 0.20116
53500.0 0.2031
53558.0 0.20504
53616.0 0.20714
53674.0 0.20968
53732.0 0.21222
53790.0 0.21477
53848.0 0.21795
53906.0 0.22127
53964.0 0.2246
54022.0 0.22806
54080.0 0.23172
54138.0 0.2354
54196.0 0.23909
54254.0 0.24008
54312.0 0.24087
54370.0 0.24167
54428.0 0.24193
54486.0 0.24163
54544.0 0.24132
54602.0 0.24095
54660.0 0.23882
54718.0 0.23669
54776.0 0.23455
54834.0 0.23196
54892.0 0.22905
54950.0 0.22613
55008.0 0.22341
55066.0 0.22206
55124.0 0.22071
55182.0 0.21935
55240.0 0.21894
55298.0 0.21897
55356.0 0.21899
55414.0 0.21958
55472.0 0.22197
55530.0 0.22437
55588.0 0.22677
55646.0 0.23061
55704.0 0.23483
55762.0 0.23907
55820.0 0.24299
55878.0 0.2463
55936.0 0.24961
55994.0 0.25293
56052.0 0.25619
56110.0 0.25945
56168.0 0.26272
56226.0 0.26539
56284.0 0.26732
56342.0 0.26925
56400.0 0.27119
56458.0 0.26966
56516.0 0.26812
56574.0 0.26658
56632.0 0.26507
56690.0 0.2636
56748.0 0.26212
56806.0 0.26065
56864.0 0.25931
56922.0 0.25796
56980.0 0.25661
57038.0 0.25662
57096.0 0.25734
57154.0 0.25807
57212.0 0.25875
57270.0 0.2593
57328.0 0.25985
57386.0 0.2604
57444.0 0.26199
57502.0 0.26391
57560.0 0.26583
57618.0 0.26759
57676.0 0.26896
57734.0 0.27033
57792.0 0.2717
57850.0 0.27237
57908.0 0.27293
57966.0 0.2735
58024.0 0.27481
58082.0 0.2772
58140.0 0.27959
58198.0 0.28199
58256.0 0.28127
58314.0 0.28044
58372.0 0.27961
58430.0 0.27934
58488.0 0.27959
58546.0 0.27984
58604.0 0.28013
58662.0 0.28098
58720.0 0.28182
58778.0 0.28266
58836.0 0.28149
58894.0 0.27909
58952.0 0.27668
59010.0 0.27426
59068.0 0.27182
59126.0 0.26937
59184.0 0.26692
59242.0 0.26629
59300.0 0.26635
59358.0 0.26641
59416.0 0.26575
59474.0 0.26321
59532.0 0.26066
59590.0 0.2581
59648.0 0.2583
59706.0 0.25908
59764.0 0.25985
59822.0 0.26067
59880.0 0.26156
59938.0 0.26245
59996.0 0.26334
60054.0 0.26498
60112.0 0.26668
60170.0 0.26838
60228.0 0.27027
60286.0 0.27237
60344.0 0.27448
60402.0 0.27653
60460.0 0.27711
60518.0 0.2777
60576.0 0.27828
60634.0 0.27768
60692.0 0.27624
60750.0 0.2748
60808.0 0.27307
60866.0 0.26957
60924.0 0.26607
60982.0 0.26257
61040.0 0.25817
61098.0 0.25338
61156.0 0.24858
61214.0 0.24246
61272.0 0.23221
61330.0 0.22194
61388.0 0.21166
61446.0 0.19947
61504.0 0.18676
61562.0 0.17403
61620.0 0.16107
61678.0 0.14765
61736.0 0.13422
61794.0 0.12077
61852.0 0.10935
61910.0 0.098141
61968.0 0.086918
62026.0 0.077468
62084.0 0.07021
62142.0 0.06294
62200.0 0.05566
62258.0 0.051147
62316.0 0.046627
62374.0 0.042101
62432.0 0.038575
62490.0 0.035863
62548.0 0.033146
62606.0 0.030536
62664.0 0.028876
62722.0 0.027213
62780.0 0.025548
62838.0 0.024245
62896.0 0.023132
62954.0 0.022018
63012.0 0.020938
63070.0 0.019993
63128.0 0.019047
63186.0 0.0181
63244.0 0.017124
63302.0 0.016138
63360.0 0.015151
63418.0 0.014104
63476.0 0.012928
63534.0 0.011749
63592.0 0.01057
63650.0 0.009546
63708.0 0.0085463
63766.0 0.0075451
63824.0 0.0066693
63882.0 0.005972
63940.0 0.0052737
63998.0 0.0045744
64056.0 0.0041249
64114.0 0.0036836
64172.0 0.0032418
64230.0 0.0028717
64288.0 0.0025689
64346.0 0.0022656
64404.0 0.0019712
64462.0 0.0018022
64520.0 0.0016329
64578.0 0.0014634
64636.0 0.0013442
64694.0 0.0012558
64752.0 0.0011673
64810.0 0.0010849
64868.0 0.0010323
64926.0 0
64984.0 0
65042.0 0
65100.0 0
65158.0 0
65216.0 0
65274.0 0
65332.0 0
65390.0 0
65448.0 0
65506.0 0
65564.0 0
65622.0 0
65680.0 0
65738.0 0
65796.0 0
65854.0 0
65912.0 0
65970.0 0
66028.0 0
66086.0 0
66144.0 0
66202.0 0
66260.0 0
66318.0 0
66376.0 0
66434.0 0
66492.0 0
66550.0 0
66608.0 0
66666.0 0
66724.0 0
66782.0 0
66840.0 0
66898.0 0
66956.0 0
67014.0 0
67072.0 0
67130.0 0
67188.0 0
67246.0 0
67304.0 0
67362.0 0
67420.0 0
67478.0 0
67536.0 0
67594.0 0
67652.0 0
67710.0 0
67768.0 0
