# WAVELENGTH THROUGHPUT
# 
# From MIRI_endtoend_throughputs_v4.0/MIRI_F1000W_endtoend_throughput_perphoton_ETC4.0.fits
# via https://jwst-docs.stsci.edu/jwst-mid-infrared-instrument/miri-technical-library#MIRITechnicalLibrary-Technicaldata
# Retrieved 31 March 2026
#
# July 25, 2024
# MIRI Imager F1000W end-to-end throughput (per photon)
# Computed using Pandeia Data Version 4.0
# Includes optical telescope element (OTE) transmission
# Includes detector quantum efficiency (QE)
    
84588.0 0
84646.0 0
84704.0 0
84762.0 0
84820.0 0
84878.0 0
84936.0 0
84994.0 0
85052.0 0
85110.0 0
85168.0 0
85226.0 0
85284.0 0
85342.0 0
85400.0 0
85458.0 0
85516.0 0
85574.0 0
85632.0 0
85690.0 0
85748.0 0
85806.0 0
85864.0 0
85922.0 0
85980.0 0
86038.0 0
86096.0 0
86154.0 0
86212.0 0
86270.0 0
86328.0 0
86386.0 0
86444.0 0
86502.0 0
86560.0 0
86618.0 0
86676.0 0
86734.0 0
86792.0 0
86850.0 0
86908.0 0
86966.0 0
87024.0 0
87082.0 0
87140.0 0
87198.0 0
87256.0 0
87314.0 0
87372.0 0
87430.0 0
87488.0 0.0014323
87546.0 0.0023409
87604.0 0.0034047
87662.0 0.0065669
87720.0 0.0097285
87778.0 0.012889
87836.0 0.014969
87894.0 0.016387
87952.0 0.017805
88010.0 0.01845
88068.0 0.015387
88126.0 0.012325
88184.0 0.0092634
88242.0 0.0073607
88300.0 0.0058997
88358.0 0.0044389
88416.0 0.0033878
88474.0 0.0034113
88532.0 0.0034347
88590.0 0.0034582
88648.0 0.0039499
88706.0 0.004539
88764.0 0.005128
88822.0 0.0060933
88880.0 0.0076745
88938.0 0.0092554
88996.0 0.010836
89054.0 0.014006
89112.0 0.017294
89170.0 0.02058
89228.0 0.02494
89286.0 0.030449
89344.0 0.035957
89402.0 0.041536
89460.0 0.04913
89518.0 0.056722
89576.0 0.064312
89634.0 0.073544
89692.0 0.083933
89750.0 0.094321
89808.0 0.10547
89866.0 0.12138
89924.0 0.13728
89982.0 0.15318
90040.0 0.17487
90098.0 0.19914
90156.0 0.22341
90214.0 0.24887
90272.0 0.27815
90330.0 0.30741
90388.0 0.33666
90446.0 0.35829
90504.0 0.37793
90562.0 0.39756
90620.0 0.41091
90678.0 0.41234
90736.0 0.41378
90794.0 0.41521
90852.0 0.40945
90910.0 0.40286
90968.0 0.39627
91026.0 0.39081
91084.0 0.38673
91142.0 0.38265
91200.0 0.37858
91258.0 0.38041
91316.0 0.38225
91374.0 0.38408
91432.0 0.38847
91490.0 0.39495
91548.0 0.40141
91606.0 0.40796
91664.0 0.4152
91722.0 0.42243
91780.0 0.42966
91838.0 0.4358
91896.0 0.44137
91954.0 0.44693
92012.0 0.45196
92070.0 0.45493
92128.0 0.45789
92186.0 0.46086
92244.0 0.46211
92302.0 0.46281
92360.0 0.4635
92418.0 0.46382
92476.0 0.4633
92534.0 0.46277
92592.0 0.46225
92650.0 0.46119
92708.0 0.46005
92766.0 0.4589
92824.0 0.45768
92882.0 0.45635
92940.0 0.45503
92998.0 0.4537
93056.0 0.45253
93114.0 0.45138
93172.0 0.45022
93230.0 0.44924
93288.0 0.44843
93346.0 0.44762
93404.0 0.44685
93462.0 0.44656
93520.0 0.44627
93578.0 0.44599
93636.0 0.4461
93694.0 0.44647
93752.0 0.44683
93810.0 0.44729
93868.0 0.44822
93926.0 0.44915
93984.0 0.45009
94042.0 0.45119
94100.0 0.45237
94158.0 0.45355
94216.0 0.45469
94274.0 0.45577
94332.0 0.45685
94390.0 0.45793
94448.0 0.45874
94506.0 0.45949
94564.0 0.46025
94622.0 0.46092
94680.0 0.46144
94738.0 0.46196
94796.0 0.46249
94854.0 0.46294
94912.0 0.46339
94970.0 0.46384
95028.0 0.4643
95086.0 0.46475
95144.0 0.46521
95202.0 0.46567
95260.0 0.46621
95318.0 0.46675
95376.0 0.46729
95434.0 0.4678
95492.0 0.46829
95550.0 0.46878
95608.0 0.46923
95666.0 0.46946
95724.0 0.4697
95782.0 0.46994
95840.0 0.46984
95898.0 0.46959
95956.0 0.46934
96014.0 0.46899
96072.0 0.46832
96130.0 0.46766
96188.0 0.46699
96246.0 0.46622
96304.0 0.46543
96362.0 0.46463
96420.0 0.46389
96478.0 0.46324
96536.0 0.46259
96594.0 0.46194
96652.0 0.46155
96710.0 0.46118
96768.0 0.46082
96826.0 0.46063
96884.0 0.46066
96942.0 0.46069
97000.0 0.46071
97058.0 0.46108
97116.0 0.46145
97174.0 0.46182
97232.0 0.4623
97290.0 0.46288
97348.0 0.46345
97406.0 0.46403
97464.0 0.46458
97522.0 0.46513
97580.0 0.46568
97638.0 0.46608
97696.0 0.4664
97754.0 0.46672
97812.0 0.46699
97870.0 0.46708
97928.0 0.46717
97986.0 0.46726
98044.0 0.4672
98102.0 0.4671
98160.0 0.46699
98218.0 0.46682
98276.0 0.46651
98334.0 0.4662
98392.0 0.46589
98450.0 0.46553
98508.0 0.46517
98566.0 0.46481
98624.0 0.4645
98682.0 0.46429
98740.0 0.46407
98798.0 0.46386
98856.0 0.4638
98914.0 0.46374
98972.0 0.46368
99030.0 0.46362
99088.0 0.46354
99146.0 0.46347
99204.0 0.46339
99262.0 0.46321
99320.0 0.46302
99378.0 0.46284
99436.0 0.46258
99494.0 0.46227
99552.0 0.46196
99610.0 0.46164
99668.0 0.46125
99726.0 0.46087
99784.0 0.46048
99842.0 0.46017
99900.0 0.45989
99958.0 0.45961
100016.0 0.45946
100074.0 0.45965
100132.0 0.45985
100190.0 0.46004
100248.0 0.46045
100306.0 0.46089
100364.0 0.46134
100422.0 0.46188
100480.0 0.46257
100538.0 0.46327
100596.0 0.46396
100654.0 0.46489
100712.0 0.46584
100770.0 0.4668
100828.0 0.46779
100886.0 0.46884
100944.0 0.4699
101002.0 0.47095
101060.0 0.47193
101118.0 0.47292
101176.0 0.47391
101234.0 0.47473
101292.0 0.47543
101350.0 0.47613
101408.0 0.47678
101466.0 0.47718
101524.0 0.47758
101582.0 0.47797
101640.0 0.47817
101698.0 0.47827
101756.0 0.47838
101814.0 0.47843
101872.0 0.4783
101930.0 0.47817
101988.0 0.47805
102046.0 0.47782
102104.0 0.47757
102162.0 0.47731
102220.0 0.47706
102278.0 0.47681
102336.0 0.47656
102394.0 0.47631
102452.0 0.47616
102510.0 0.47601
102568.0 0.47587
102626.0 0.4758
102684.0 0.47584
102742.0 0.47588
102800.0 0.47592
102858.0 0.47613
102916.0 0.47634
102974.0 0.47655
103032.0 0.47683
103090.0 0.47717
103148.0 0.47751
103206.0 0.47786
103264.0 0.47824
103322.0 0.47863
103380.0 0.47901
103438.0 0.47938
103496.0 0.47974
103554.0 0.48009
103612.0 0.48045
103670.0 0.48078
103728.0 0.48111
103786.0 0.48145
103844.0 0.48177
103902.0 0.48209
103960.0 0.48242
104018.0 0.48274
104076.0 0.48305
104134.0 0.48337
104192.0 0.48368
104250.0 0.48402
104308.0 0.48437
104366.0 0.48471
104424.0 0.48509
104482.0 0.4855
104540.0 0.48591
104598.0 0.48632
104656.0 0.48678
104714.0 0.48724
104772.0 0.4877
104830.0 0.48813
104888.0 0.48853
104946.0 0.48893
105004.0 0.48928
105062.0 0.48895
105120.0 0.48862
105178.0 0.48829
105236.0 0.48781
105294.0 0.48725
105352.0 0.48669
105410.0 0.48609
105468.0 0.48526
105526.0 0.48444
105584.0 0.48361
105642.0 0.48264
105700.0 0.48162
105758.0 0.4806
105816.0 0.47956
105874.0 0.47844
105932.0 0.47732
105990.0 0.47621
106048.0 0.47511
106106.0 0.474
106164.0 0.4729
106222.0 0.47187
106280.0 0.47095
106338.0 0.47003
106396.0 0.46911
106454.0 0.46839
106512.0 0.46769
106570.0 0.46699
106628.0 0.46642
106686.0 0.466
106744.0 0.46557
106802.0 0.46515
106860.0 0.46496
106918.0 0.46476
106976.0 0.46457
107034.0 0.46442
107092.0 0.46431
107150.0 0.4642
107208.0 0.46406
107266.0 0.46375
107324.0 0.46344
107382.0 0.46313
107440.0 0.46248
107498.0 0.46166
107556.0 0.46085
107614.0 0.45982
107672.0 0.45812
107730.0 0.45643
107788.0 0.45473
107846.0 0.45191
107904.0 0.4488
107962.0 0.4457
108020.0 0.44165
108078.0 0.4358
108136.0 0.42997
108194.0 0.42415
108252.0 0.41493
108310.0 0.40534
108368.0 0.39577
108426.0 0.38441
108484.0 0.37085
108542.0 0.35731
108600.0 0.34379
108658.0 0.32702
108716.0 0.31028
108774.0 0.29356
108832.0 0.27597
108890.0 0.25768
108948.0 0.23943
109006.0 0.22125
109064.0 0.20356
109122.0 0.1859
109180.0 0.16827
109238.0 0.15247
109296.0 0.13763
109354.0 0.12282
109412.0 0.10891
109470.0 0.098366
109528.0 0.087841
109586.0 0.077334
109644.0 0.069184
109702.0 0.061793
109760.0 0.054414
109818.0 0.047784
109876.0 0.042802
109934.0 0.037828
109992.0 0.032862
110050.0 0.029393
110108.0 0.026165
110166.0 0.02294
110224.0 0.020197
110282.0 0.018136
110340.0 0.016077
110398.0 0.01402
110456.0 0.012735
110514.0 0.011479
110572.0 0.010224
110630.0 0.0092078
110688.0 0.0084147
110746.0 0.0076222
110804.0 0.0068465
110862.0 0.0062892
110920.0 0.0057324
110978.0 0.005176
111036.0 0.0047217
111094.0 0.0043299
111152.0 0.0039383
111210.0 0.0035672
111268.0 0.0032925
111326.0 0.003018
111384.0 0.0027437
111442.0 0.0025306
111500.0 0.0023409
111558.0 0.0021514
111616.0 0.0019779
111674.0 0.0018464
111732.0 0.001715
111790.0 0.0015837
111848.0 0.0014776
111906.0 0.0013768
111964.0 0.0012761
112022.0 0.001184
112080.0 0.0011059
112138.0 0.0010279
112196.0 0
112254.0 0
112312.0 0
112370.0 0
112428.0 0
112486.0 0
112544.0 0
112602.0 0
112660.0 0
112718.0 0
112776.0 0
112834.0 0
112892.0 0
112950.0 0
113008.0 0
113066.0 0
113124.0 0
113182.0 0
113240.0 0
113298.0 0
113356.0 0
113414.0 0
113472.0 0
113530.0 0
113588.0 0
113646.0 0
113704.0 0
113762.0 0
113820.0 0
113878.0 0
113936.0 0
113994.0 0
114052.0 0
114110.0 0
114168.0 0
114226.0 0
114284.0 0
114342.0 0
114400.0 0
114458.0 0
114516.0 0
114574.0 0
114632.0 0
114690.0 0
114748.0 0
114806.0 0
114864.0 0
114922.0 0
114980.0 0
115038.0 0
