# WAVELENGTH THROUGHPUT
# 
# From MIRI_endtoend_throughputs_v4.0/MIRI_F2550W_endtoend_throughput_perphoton_ETC4.0.fits
# via https://jwst-docs.stsci.edu/jwst-mid-infrared-instrument/miri-technical-library#MIRITechnicalLibrary-Technicaldata
# Retrieved 31 March 2026
#
# July 25, 2024
# MIRI Imager F2550W end-to-end throughput (per photon)
# Computed using Pandeia Data Version 4.0
# Includes optical telescope element (OTE) transmission
# Includes detector quantum efficiency (QE)
    
216074.0 0
216132.0 0
216190.0 0
216248.0 0
216306.0 0
216364.0 0
216422.0 0
216480.0 0
216538.0 0
216596.0 0
216654.0 0
216712.0 0
216770.0 0
216828.0 0
216886.0 0
216944.0 0
217002.0 0
217060.0 0
217118.0 0
217176.0 0
217234.0 0
217292.0 0
217350.0 0
217408.0 0
217466.0 0
217524.0 0
217582.0 0
217640.0 0
217698.0 0
217756.0 0
217814.0 0
217872.0 0
217930.0 0
217988.0 0
218046.0 0
218104.0 0
218162.0 0
218220.0 0
218278.0 0
218336.0 0
218394.0 0
218452.0 0
218510.0 0
218568.0 0
218626.0 0
218684.0 0
218742.0 0
218800.0 0
218858.0 0
218916.0 0
218974.0 0.00078501
219032.0 0.00081453
219090.0 0.0008454
219148.0 0.00087628
219206.0 0.00090729
219264.0 0.00093953
219322.0 0.00097177
219380.0 0.001004
219438.0 0.0010366
219496.0 0.0010694
219554.0 0.0011022
219612.0 0.001135
219670.0 0.0011681
219728.0 0.0012011
219786.0 0.0012342
219844.0 0.0012661
219902.0 0.0012975
219960.0 0.001329
220018.0 0.0013601
220076.0 0.0013902
220134.0 0.0014203
220192.0 0.0014504
220250.0 0.0014767
220308.0 0.0015025
220366.0 0.0015283
220424.0 0.0015519
220482.0 0.0015725
220540.0 0.001593
220598.0 0.0016136
220656.0 0.0016301
220714.0 0.0016465
220772.0 0.0016628
220830.0 0.0016771
220888.0 0.0016894
220946.0 0.0017017
221004.0 0.0017137
221062.0 0.0017222
221120.0 0.0017306
221178.0 0.0017391
221236.0 0.0017461
221294.0 0.0017521
221352.0 0.0017582
221410.0 0.0017637
221468.0 0.0017663
221526.0 0.001769
221584.0 0.0017716
221642.0 0.0017753
221700.0 0.0017795
221758.0 0.0017837
221816.0 0.0017888
221874.0 0.0017961
221932.0 0.0018034
221990.0 0.0018107
222048.0 0.001821
222106.0 0.001832
222164.0 0.0018429
222222.0 0.0018563
222280.0 0.0018738
222338.0 0.0018913
222396.0 0.0019087
222454.0 0.0019314
222512.0 0.0019545
222570.0 0.0019775
222628.0 0.0020058
222686.0 0.0020396
222744.0 0.0020734
222802.0 0.0021075
222860.0 0.0021526
222918.0 0.0021977
222976.0 0.0022428
223034.0 0.0022947
223092.0 0.0023515
223150.0 0.0024081
223208.0 0.0024666
223266.0 0.0025363
223324.0 0.0026059
223382.0 0.0026756
223440.0 0.0027538
223498.0 0.0028359
223556.0 0.002918
223614.0 0.0030033
223672.0 0.0030992
223730.0 0.003195
223788.0 0.0032907
223846.0 0.0033984
223904.0 0.0035092
223962.0 0.00362
224020.0 0.0037343
224078.0 0.0038555
224136.0 0.0039766
224194.0 0.0040977
224252.0 0.0042261
224310.0 0.0043553
224368.0 0.0044844
224426.0 0.0046172
224484.0 0.0047544
224542.0 0.0048916
224600.0 0.0050287
224658.0 0.0051689
224716.0 0.0053089
224774.0 0.0054489
224832.0 0.005591
224890.0 0.0057347
224948.0 0.0058784
225006.0 0.0060221
225064.0 0.0061674
225122.0 0.0063125
225180.0 0.0064575
225238.0 0.0066014
225296.0 0.0067446
225354.0 0.0068877
225412.0 0.0070311
225470.0 0.0071755
225528.0 0.0073198
225586.0 0.007464
225644.0 0.0076132
225702.0 0.0077639
225760.0 0.0079146
225818.0 0.0080663
225876.0 0.0082204
225934.0 0.0083744
225992.0 0.0085283
226050.0 0.0086953
226108.0 0.0088642
226166.0 0.0090331
226224.0 0.0092097
226282.0 0.0093971
226340.0 0.0095845
226398.0 0.0097717
226456.0 0.0099783
226514.0 0.010186
226572.0 0.010393
226630.0 0.010618
226688.0 0.010859
226746.0 0.0111
226804.0 0.011344
226862.0 0.011616
226920.0 0.011888
226978.0 0.01216
227036.0 0.012456
227094.0 0.012767
227152.0 0.013077
227210.0 0.013394
227268.0 0.013748
227326.0 0.014101
227384.0 0.014454
227442.0 0.014837
227500.0 0.015231
227558.0 0.015625
227616.0 0.016031
227674.0 0.016469
227732.0 0.016907
227790.0 0.017345
227848.0 0.01782
227906.0 0.018302
227964.0 0.018783
228022.0 0.019282
228080.0 0.019808
228138.0 0.020334
228196.0 0.02086
228254.0 0.021428
228312.0 0.021999
228370.0 0.02257
228428.0 0.023162
228486.0 0.023778
228544.0 0.024393
228602.0 0.02501
228660.0 0.025672
228718.0 0.026334
228776.0 0.026996
228834.0 0.027684
228892.0 0.02839
228950.0 0.029096
229008.0 0.029808
229066.0 0.030565
229124.0 0.031321
229182.0 0.032077
229240.0 0.03287
229298.0 0.033679
229356.0 0.034489
229414.0 0.03531
229472.0 0.036172
229530.0 0.037033
229588.0 0.037894
229646.0 0.03881
229704.0 0.039741
229762.0 0.040672
229820.0 0.041625
229878.0 0.042621
229936.0 0.043617
229994.0 0.044612
230052.0 0.045666
230110.0 0.046725
230168.0 0.047784
230226.0 0.048886
230284.0 0.050042
230342.0 0.051196
230400.0 0.052349
230458.0 0.053593
230516.0 0.054835
230574.0 0.056076
230632.0 0.057374
230690.0 0.058719
230748.0 0.060063
230806.0 0.061417
230864.0 0.062874
230922.0 0.06433
230980.0 0.065784
231038.0 0.067308
231096.0 0.068868
231154.0 0.070426
231212.0 0.072005
231270.0 0.073667
231328.0 0.075327
231386.0 0.076986
231444.0 0.078728
231502.0 0.080495
231560.0 0.082261
231618.0 0.084053
231676.0 0.085907
231734.0 0.087759
231792.0 0.089609
231850.0 0.091526
231908.0 0.093451
231966.0 0.095374
232024.0 0.09733
232082.0 0.099334
232140.0 0.10134
232198.0 0.10333
232256.0 0.10538
232314.0 0.10743
232372.0 0.10947
232430.0 0.11154
232488.0 0.11363
232546.0 0.11572
232604.0 0.1178
232662.0 0.11993
232720.0 0.12205
232778.0 0.12417
232836.0 0.1263
232894.0 0.12844
232952.0 0.13057
233010.0 0.13271
233068.0 0.13486
233126.0 0.13701
233184.0 0.13916
233242.0 0.14131
233300.0 0.14347
233358.0 0.14562
233416.0 0.14776
233474.0 0.14991
233532.0 0.15205
233590.0 0.15419
233648.0 0.15633
233706.0 0.15846
233764.0 0.1606
233822.0 0.16272
233880.0 0.16482
233938.0 0.16692
233996.0 0.16902
234054.0 0.1711
234112.0 0.17317
234170.0 0.17524
234228.0 0.17729
234286.0 0.17932
234344.0 0.18135
234402.0 0.18338
234460.0 0.18533
234518.0 0.18729
234576.0 0.18924
234634.0 0.19116
234692.0 0.19305
234750.0 0.19494
234808.0 0.19682
234866.0 0.19862
234924.0 0.20042
234982.0 0.20222
235040.0 0.20403
235098.0 0.20584
235156.0 0.20765
235214.0 0.20944
235272.0 0.21115
235330.0 0.21287
235388.0 0.21458
235446.0 0.21621
235504.0 0.21781
235562.0 0.21941
235620.0 0.22097
235678.0 0.22245
235736.0 0.22392
235794.0 0.2254
235852.0 0.22677
235910.0 0.22814
235968.0 0.2295
236026.0 0.23081
236084.0 0.23205
236142.0 0.2333
236200.0 0.23454
236258.0 0.23567
236316.0 0.23679
236374.0 0.23791
236432.0 0.23898
236490.0 0.23999
236548.0 0.24101
236606.0 0.24202
236664.0 0.24294
236722.0 0.24386
236780.0 0.24478
236838.0 0.24563
236896.0 0.24645
236954.0 0.24727
237012.0 0.24807
237070.0 0.24881
237128.0 0.24955
237186.0 0.25029
237244.0 0.25097
237302.0 0.25164
237360.0 0.25231
237418.0 0.25295
237476.0 0.25354
237534.0 0.25413
237592.0 0.25472
237650.0 0.25527
237708.0 0.2558
237766.0 0.25634
237824.0 0.25685
237882.0 0.25733
237940.0 0.25781
237998.0 0.25829
238056.0 0.25872
238114.0 0.25915
238172.0 0.25957
238230.0 0.25998
238288.0 0.26036
238346.0 0.26075
238404.0 0.26113
238462.0 0.26147
238520.0 0.26181
238578.0 0.26215
238636.0 0.26246
238694.0 0.26276
238752.0 0.26306
238810.0 0.26336
238868.0 0.26362
238926.0 0.26389
238984.0 0.26416
239042.0 0.2644
239100.0 0.26463
239158.0 0.26487
239216.0 0.26509
239274.0 0.26529
239332.0 0.2655
239390.0 0.2657
239448.0 0.26589
239506.0 0.26608
239564.0 0.26626
239622.0 0.26644
239680.0 0.2666
239738.0 0.26676
239796.0 0.26692
239854.0 0.26707
239912.0 0.26722
239970.0 0.26736
240028.0 0.2674
240086.0 0.26731
240144.0 0.26722
240202.0 0.26713
240260.0 0.26703
240318.0 0.26693
240376.0 0.26683
240434.0 0.26672
240492.0 0.26662
240550.0 0.26651
240608.0 0.2664
240666.0 0.26629
240724.0 0.26618
240782.0 0.26607
240840.0 0.26596
240898.0 0.26584
240956.0 0.26573
241014.0 0.26561
241072.0 0.26549
241130.0 0.26536
241188.0 0.26524
241246.0 0.26512
241304.0 0.26499
241362.0 0.26486
241420.0 0.26473
241478.0 0.2646
241536.0 0.26447
241594.0 0.26433
241652.0 0.26419
241710.0 0.26405
241768.0 0.26391
241826.0 0.26377
241884.0 0.26362
241942.0 0.26347
242000.0 0.26332
242058.0 0.26317
242116.0 0.26301
242174.0 0.26286
242232.0 0.2627
242290.0 0.26255
242348.0 0.26239
242406.0 0.26223
242464.0 0.26206
242522.0 0.2619
242580.0 0.26174
242638.0 0.26157
242696.0 0.26141
242754.0 0.26124
242812.0 0.26107
242870.0 0.26091
242928.0 0.26074
242986.0 0.26058
243044.0 0.26041
243102.0 0.26024
243160.0 0.26007
243218.0 0.2599
243276.0 0.25974
243334.0 0.25957
243392.0 0.2594
243450.0 0.25924
243508.0 0.25908
243566.0 0.25892
243624.0 0.25875
243682.0 0.25859
243740.0 0.25843
243798.0 0.25827
243856.0 0.25812
243914.0 0.25796
243972.0 0.2578
244030.0 0.25765
244088.0 0.25749
244146.0 0.25734
244204.0 0.25718
244262.0 0.25703
244320.0 0.25688
244378.0 0.25673
244436.0 0.25658
244494.0 0.25643
244552.0 0.25628
244610.0 0.25613
244668.0 0.25599
244726.0 0.25584
244784.0 0.25569
244842.0 0.25555
244900.0 0.2554
244958.0 0.25526
245016.0 0.25511
245074.0 0.25498
245132.0 0.25484
245190.0 0.2547
245248.0 0.25456
245306.0 0.25442
245364.0 0.25428
245422.0 0.25413
245480.0 0.25399
245538.0 0.25385
245596.0 0.25371
245654.0 0.25357
245712.0 0.25342
245770.0 0.25328
245828.0 0.25313
245886.0 0.25298
245944.0 0.25283
246002.0 0.25268
246060.0 0.25253
246118.0 0.25238
246176.0 0.25223
246234.0 0.25207
246292.0 0.25191
246350.0 0.25175
246408.0 0.2516
246466.0 0.25143
246524.0 0.25127
246582.0 0.2511
246640.0 0.25093
246698.0 0.25076
246756.0 0.25059
246814.0 0.25042
246872.0 0.25024
246930.0 0.25006
246988.0 0.24989
247046.0 0.24971
247104.0 0.24952
247162.0 0.24934
247220.0 0.24915
247278.0 0.24896
247336.0 0.24877
247394.0 0.24858
247452.0 0.24839
247510.0 0.24819
247568.0 0.248
247626.0 0.2478
247684.0 0.2476
247742.0 0.2474
247800.0 0.2472
247858.0 0.24699
247916.0 0.24678
247974.0 0.24658
248032.0 0.24637
248090.0 0.24616
248148.0 0.24594
248206.0 0.24573
248264.0 0.24552
248322.0 0.2453
248380.0 0.24508
248438.0 0.24487
248496.0 0.24465
248554.0 0.24443
248612.0 0.2442
248670.0 0.24398
248728.0 0.24375
248786.0 0.24353
248844.0 0.2433
248902.0 0.24307
248960.0 0.24284
249018.0 0.24261
249076.0 0.24238
249134.0 0.24215
249192.0 0.24191
249250.0 0.24168
249308.0 0.24144
249366.0 0.2412
249424.0 0.24096
249482.0 0.24072
249540.0 0.24048
249598.0 0.24024
249656.0 0.24
249714.0 0.23975
249772.0 0.23951
249830.0 0.23926
249888.0 0.23901
249946.0 0.23877
250004.0 0.23852
250062.0 0.23831
250120.0 0.2381
250178.0 0.23789
250236.0 0.23768
250294.0 0.23747
250352.0 0.23726
250410.0 0.23705
250468.0 0.23684
250526.0 0.23663
250584.0 0.23641
250642.0 0.2362
250700.0 0.23599
250758.0 0.23578
250816.0 0.23558
250874.0 0.23537
250932.0 0.23516
250990.0 0.23495
251048.0 0.23474
251106.0 0.23454
251164.0 0.23433
251222.0 0.23412
251280.0 0.23392
251338.0 0.23372
251396.0 0.23352
251454.0 0.23332
251512.0 0.23312
251570.0 0.23292
251628.0 0.23272
251686.0 0.23252
251744.0 0.23233
251802.0 0.23213
251860.0 0.23193
251918.0 0.23174
251976.0 0.23154
252034.0 0.23135
252092.0 0.23116
252150.0 0.23097
252208.0 0.23078
252266.0 0.23058
252324.0 0.23039
252382.0 0.2302
252440.0 0.23001
252498.0 0.22982
252556.0 0.22962
252614.0 0.22943
252672.0 0.22923
252730.0 0.22904
252788.0 0.22884
252846.0 0.22865
252904.0 0.22845
252962.0 0.22825
253020.0 0.22806
253078.0 0.22786
253136.0 0.22766
253194.0 0.22746
253252.0 0.22726
253310.0 0.22706
253368.0 0.22685
253426.0 0.22665
253484.0 0.22645
253542.0 0.22624
253600.0 0.22604
253658.0 0.22583
253716.0 0.22563
253774.0 0.22543
253832.0 0.22522
253890.0 0.22502
253948.0 0.22481
254006.0 0.2246
254064.0 0.2244
254122.0 0.22419
254180.0 0.22399
254238.0 0.22378
254296.0 0.22358
254354.0 0.22338
254412.0 0.22318
254470.0 0.22298
254528.0 0.22278
254586.0 0.22258
254644.0 0.22238
254702.0 0.22218
254760.0 0.22198
254818.0 0.22178
254876.0 0.22159
254934.0 0.2214
254992.0 0.2212
255050.0 0.22091
255108.0 0.22059
255166.0 0.22028
255224.0 0.21997
255282.0 0.21966
255340.0 0.21936
255398.0 0.21905
255456.0 0.21874
255514.0 0.21843
255572.0 0.21813
255630.0 0.21782
255688.0 0.21751
255746.0 0.21721
255804.0 0.2169
255862.0 0.2166
255920.0 0.21629
255978.0 0.21599
256036.0 0.21568
256094.0 0.21538
256152.0 0.21507
256210.0 0.21477
256268.0 0.21446
256326.0 0.21415
256384.0 0.21385
256442.0 0.21354
256500.0 0.21323
256558.0 0.21292
256616.0 0.21261
256674.0 0.21231
256732.0 0.212
256790.0 0.21169
256848.0 0.21138
256906.0 0.21106
256964.0 0.21075
257022.0 0.21044
257080.0 0.21013
257138.0 0.20981
257196.0 0.2095
257254.0 0.20919
257312.0 0.20887
257370.0 0.20856
257428.0 0.20824
257486.0 0.20792
257544.0 0.2076
257602.0 0.20728
257660.0 0.20696
257718.0 0.20664
257776.0 0.20632
257834.0 0.206
257892.0 0.20568
257950.0 0.20535
258008.0 0.20503
258066.0 0.2047
258124.0 0.20438
258182.0 0.20405
258240.0 0.20372
258298.0 0.20339
258356.0 0.20305
258414.0 0.20272
258472.0 0.20239
258530.0 0.20205
258588.0 0.20171
258646.0 0.20137
258704.0 0.20103
258762.0 0.20069
258820.0 0.20034
258878.0 0.19999
258936.0 0.19964
258994.0 0.19929
259052.0 0.19893
259110.0 0.19858
259168.0 0.19822
259226.0 0.19786
259284.0 0.19749
259342.0 0.19712
259400.0 0.19676
259458.0 0.19638
259516.0 0.196
259574.0 0.19563
259632.0 0.19524
259690.0 0.19485
259748.0 0.19447
259806.0 0.19408
259864.0 0.19368
259922.0 0.19328
259980.0 0.19289
260038.0 0.1924
260096.0 0.19188
260154.0 0.19135
260212.0 0.19082
260270.0 0.19028
260328.0 0.18974
260386.0 0.1892
260444.0 0.18866
260502.0 0.18811
260560.0 0.18756
260618.0 0.18701
260676.0 0.18646
260734.0 0.1859
260792.0 0.18534
260850.0 0.18478
260908.0 0.18422
260966.0 0.18366
261024.0 0.18309
261082.0 0.18252
261140.0 0.18195
261198.0 0.18138
261256.0 0.1808
261314.0 0.18022
261372.0 0.17965
261430.0 0.17907
261488.0 0.17849
261546.0 0.17792
261604.0 0.17734
261662.0 0.17676
261720.0 0.17618
261778.0 0.1756
261836.0 0.17502
261894.0 0.17444
261952.0 0.17386
262010.0 0.17328
262068.0 0.17271
262126.0 0.17213
262184.0 0.17156
262242.0 0.17098
262300.0 0.17041
262358.0 0.16985
262416.0 0.16928
262474.0 0.16871
262532.0 0.16815
262590.0 0.16758
262648.0 0.16702
262706.0 0.16647
262764.0 0.16591
262822.0 0.16536
262880.0 0.16481
262938.0 0.16427
262996.0 0.16372
263054.0 0.16319
263112.0 0.16265
263170.0 0.16211
263228.0 0.16158
263286.0 0.16106
263344.0 0.16053
263402.0 0.16001
263460.0 0.15949
263518.0 0.15898
263576.0 0.15846
263634.0 0.15796
263692.0 0.15746
263750.0 0.15695
263808.0 0.15645
263866.0 0.15596
263924.0 0.15547
263982.0 0.15498
264040.0 0.1545
264098.0 0.15401
264156.0 0.15353
264214.0 0.15305
264272.0 0.15258
264330.0 0.15211
264388.0 0.15164
264446.0 0.15117
264504.0 0.15071
264562.0 0.15025
264620.0 0.14979
264678.0 0.14934
264736.0 0.14888
264794.0 0.14843
264852.0 0.14798
264910.0 0.14753
264968.0 0.14708
265026.0 0.14669
265084.0 0.14637
265142.0 0.14605
265200.0 0.14573
265258.0 0.14541
265316.0 0.14509
265374.0 0.14478
265432.0 0.14446
265490.0 0.14415
265548.0 0.14383
265606.0 0.14352
265664.0 0.1432
265722.0 0.14289
265780.0 0.14257
265838.0 0.14226
265896.0 0.14194
265954.0 0.14163
266012.0 0.14132
266070.0 0.141
266128.0 0.14069
266186.0 0.14037
266244.0 0.14005
266302.0 0.13973
266360.0 0.13941
266418.0 0.13908
266476.0 0.13876
266534.0 0.13843
266592.0 0.1381
266650.0 0.13777
266708.0 0.13744
266766.0 0.13711
266824.0 0.13677
266882.0 0.13643
266940.0 0.13609
266998.0 0.13575
267056.0 0.1354
267114.0 0.13504
267172.0 0.13469
267230.0 0.13433
267288.0 0.13397
267346.0 0.1336
267404.0 0.13324
267462.0 0.13287
267520.0 0.1325
267578.0 0.13213
267636.0 0.13175
267694.0 0.13137
267752.0 0.13099
267810.0 0.13061
267868.0 0.13022
267926.0 0.12983
267984.0 0.12944
268042.0 0.12904
268100.0 0.12865
268158.0 0.12825
268216.0 0.12785
268274.0 0.12745
268332.0 0.12706
268390.0 0.12666
268448.0 0.12626
268506.0 0.12587
268564.0 0.12547
268622.0 0.12508
268680.0 0.12468
268738.0 0.12428
268796.0 0.12389
268854.0 0.12349
268912.0 0.1231
268970.0 0.12271
269028.0 0.12232
269086.0 0.12195
269144.0 0.12157
269202.0 0.12119
269260.0 0.12082
269318.0 0.12045
269376.0 0.12009
269434.0 0.11972
269492.0 0.11937
269550.0 0.11901
269608.0 0.11865
269666.0 0.11831
269724.0 0.11797
269782.0 0.11762
269840.0 0.11729
269898.0 0.11696
269956.0 0.11664
270014.0 0.11633
270072.0 0.11608
270130.0 0.11584
270188.0 0.11559
270246.0 0.11536
270304.0 0.11512
270362.0 0.11489
270420.0 0.11466
270478.0 0.11444
270536.0 0.11421
270594.0 0.11399
270652.0 0.11377
270710.0 0.11356
270768.0 0.11335
270826.0 0.11314
270884.0 0.11294
270942.0 0.11274
271000.0 0.11254
271058.0 0.11234
271116.0 0.11214
271174.0 0.11195
271232.0 0.11175
271290.0 0.11156
271348.0 0.11137
271406.0 0.11117
271464.0 0.11098
271522.0 0.11079
271580.0 0.11061
271638.0 0.11042
271696.0 0.11023
271754.0 0.11005
271812.0 0.10986
271870.0 0.10968
271928.0 0.10949
271986.0 0.10931
272044.0 0.10912
272102.0 0.10894
272160.0 0.10875
272218.0 0.10857
272276.0 0.10839
272334.0 0.1082
272392.0 0.10802
272450.0 0.10783
272508.0 0.10765
272566.0 0.10747
272624.0 0.10728
272682.0 0.1071
272740.0 0.10691
272798.0 0.10673
272856.0 0.10654
272914.0 0.10635
272972.0 0.10617
273030.0 0.10598
273088.0 0.10579
273146.0 0.1056
273204.0 0.10542
273262.0 0.10523
273320.0 0.10504
273378.0 0.10485
273436.0 0.10465
273494.0 0.10446
273552.0 0.10427
273610.0 0.10407
273668.0 0.10388
273726.0 0.10368
273784.0 0.10348
273842.0 0.10329
273900.0 0.10309
273958.0 0.10289
274016.0 0.10269
274074.0 0.10249
274132.0 0.10229
274190.0 0.10209
274248.0 0.10188
274306.0 0.10168
274364.0 0.10147
274422.0 0.10126
274480.0 0.10105
274538.0 0.10085
274596.0 0.10064
274654.0 0.10043
274712.0 0.10021
274770.0 0.1
274828.0 0.099792
274886.0 0.09958
274944.0 0.099368
275002.0 0.09915
275060.0 0.098758
275118.0 0.098367
275176.0 0.097975
275234.0 0.097583
275292.0 0.09719
275350.0 0.096797
275408.0 0.096404
275466.0 0.096011
275524.0 0.095618
275582.0 0.095225
275640.0 0.094833
275698.0 0.094442
275756.0 0.094051
275814.0 0.093659
275872.0 0.093269
275930.0 0.092878
275988.0 0.092487
276046.0 0.092097
276104.0 0.091707
276162.0 0.091317
276220.0 0.090927
276278.0 0.090539
276336.0 0.090151
276394.0 0.089763
276452.0 0.089377
276510.0 0.088992
276568.0 0.088606
276626.0 0.088221
276684.0 0.087838
276742.0 0.087454
276800.0 0.08707
276858.0 0.086688
276916.0 0.086306
276974.0 0.085924
277032.0 0.085543
277090.0 0.085163
277148.0 0.084782
277206.0 0.084401
277264.0 0.084023
277322.0 0.083644
277380.0 0.083265
277438.0 0.082888
277496.0 0.082511
277554.0 0.082133
277612.0 0.081756
277670.0 0.08138
277728.0 0.081003
277786.0 0.080627
277844.0 0.080251
277902.0 0.079874
277960.0 0.079498
278018.0 0.079121
278076.0 0.078745
278134.0 0.078369
278192.0 0.077993
278250.0 0.077617
278308.0 0.077242
278366.0 0.076866
278424.0 0.076489
278482.0 0.076113
278540.0 0.075737
278598.0 0.07536
278656.0 0.074983
278714.0 0.074605
278772.0 0.074227
278830.0 0.073849
278888.0 0.073471
278946.0 0.073092
279004.0 0.072713
279062.0 0.072334
279120.0 0.071954
279178.0 0.071575
279236.0 0.071194
279294.0 0.070814
279352.0 0.070433
279410.0 0.070052
279468.0 0.069669
279526.0 0.069287
279584.0 0.068905
279642.0 0.068521
279700.0 0.068138
279758.0 0.067754
279816.0 0.067369
279874.0 0.066985
279932.0 0.0666
279990.0 0.066214
280048.0 0.065922
280106.0 0.065648
280164.0 0.065374
280222.0 0.0651
280280.0 0.064826
280338.0 0.064551
280396.0 0.064277
280454.0 0.064001
280512.0 0.063726
280570.0 0.06345
280628.0 0.063175
280686.0 0.062899
280744.0 0.062622
280802.0 0.062346
280860.0 0.06207
280918.0 0.061793
280976.0 0.061517
281034.0 0.06124
281092.0 0.060963
281150.0 0.060687
281208.0 0.06041
281266.0 0.060133
281324.0 0.059856
281382.0 0.059578
281440.0 0.059301
281498.0 0.059023
281556.0 0.058746
281614.0 0.058468
281672.0 0.05819
281730.0 0.057912
281788.0 0.057634
281846.0 0.057356
281904.0 0.057078
281962.0 0.056799
282020.0 0.056521
282078.0 0.056242
282136.0 0.055963
282194.0 0.055685
282252.0 0.055406
282310.0 0.055126
282368.0 0.054847
282426.0 0.054567
282484.0 0.054288
282542.0 0.054008
282600.0 0.053727
282658.0 0.053447
282716.0 0.053167
282774.0 0.052886
282832.0 0.052605
282890.0 0.052325
282948.0 0.052044
283006.0 0.051762
283064.0 0.051481
283122.0 0.051199
283180.0 0.050917
283238.0 0.050634
283296.0 0.050351
283354.0 0.050068
283412.0 0.049784
283470.0 0.0495
283528.0 0.049216
283586.0 0.048931
283644.0 0.048646
283702.0 0.048361
283760.0 0.048075
283818.0 0.04779
283876.0 0.047503
283934.0 0.047217
283992.0 0.04693
284050.0 0.046642
284108.0 0.046354
284166.0 0.046066
284224.0 0.045777
284282.0 0.045488
284340.0 0.045199
284398.0 0.044909
284456.0 0.044619
284514.0 0.044328
284572.0 0.044038
284630.0 0.043746
284688.0 0.043455
284746.0 0.043163
284804.0 0.042871
284862.0 0.042577
284920.0 0.042284
284978.0 0.041991
285036.0 0.041839
285094.0 0.041775
285152.0 0.04171
285210.0 0.041646
285268.0 0.04158
285326.0 0.041514
285384.0 0.041449
285442.0 0.041383
285500.0 0.041316
285558.0 0.04125
285616.0 0.041183
285674.0 0.041116
285732.0 0.041049
285790.0 0.040983
285848.0 0.040915
285906.0 0.040847
285964.0 0.04078
286022.0 0.040712
286080.0 0.040643
286138.0 0.040575
286196.0 0.040507
286254.0 0.040438
286312.0 0.040369
286370.0 0.040301
286428.0 0.040232
286486.0 0.040163
286544.0 0.040095
286602.0 0.040026
286660.0 0.039957
286718.0 0.039888
286776.0 0.03982
286834.0 0.039751
286892.0 0.039682
286950.0 0.039613
287008.0 0.039544
287066.0 0.039475
287124.0 0.039406
287182.0 0.039338
287240.0 0.039269
287298.0 0.039201
287356.0 0.039132
287414.0 0.039064
287472.0 0.038996
287530.0 0.038928
287588.0 0.03886
287646.0 0.038793
287704.0 0.038725
287762.0 0.038657
287820.0 0.03859
287878.0 0.038522
287936.0 0.038455
287994.0 0.038387
288052.0 0.03832
288110.0 0.038253
288168.0 0.038185
288226.0 0.038118
288284.0 0.038051
288342.0 0.037983
288400.0 0.037916
288458.0 0.037849
288516.0 0.037782
288574.0 0.037714
288632.0 0.037647
288690.0 0.03758
288748.0 0.037513
288806.0 0.037445
288864.0 0.037378
288922.0 0.03731
288980.0 0.037242
289038.0 0.037174
289096.0 0.037106
289154.0 0.037038
289212.0 0.03697
289270.0 0.036902
289328.0 0.036833
289386.0 0.036765
289444.0 0.036696
289502.0 0.036628
289560.0 0.036559
289618.0 0.03649
289676.0 0.03642
289734.0 0.03635
289792.0 0.03628
289850.0 0.03621
289908.0 0.036139
289966.0 0.036068
290024.0 0.035947
290082.0 0.035753
290140.0 0.03556
290198.0 0.035366
290256.0 0.035172
290314.0 0.034977
290372.0 0.034783
290430.0 0.034587
290488.0 0.034392
290546.0 0.034196
290604.0 0.034
290662.0 0.033803
290720.0 0.033605
290778.0 0.033408
290836.0 0.033211
290894.0 0.033013
290952.0 0.032815
291010.0 0.032616
291068.0 0.032417
291126.0 0.032218
291184.0 0.032019
291242.0 0.031819
291300.0 0.031618
291358.0 0.031417
291416.0 0.031216
291474.0 0.031013
291532.0 0.03081
291590.0 0.030607
291648.0 0.030403
291706.0 0.030199
291764.0 0.029995
291822.0 0.029791
291880.0 0.029586
291938.0 0.02938
291996.0 0.029175
292054.0 0.028968
292112.0 0.028761
292170.0 0.028554
292228.0 0.028346
292286.0 0.028137
292344.0 0.027927
292402.0 0.027719
292460.0 0.027508
292518.0 0.027297
292576.0 0.027087
292634.0 0.026875
292692.0 0.026663
292750.0 0.026451
292808.0 0.026239
292866.0 0.026026
292924.0 0.025812
292982.0 0.025599
293040.0 0.025385
293098.0 0.02517
293156.0 0.024956
293214.0 0.024741
293272.0 0.024525
293330.0 0.024309
293388.0 0.024094
293446.0 0.023877
293504.0 0.02366
293562.0 0.023444
293620.0 0.023227
293678.0 0.02301
293736.0 0.022793
293794.0 0.022576
293852.0 0.022359
293910.0 0.022142
293968.0 0.021925
294026.0 0.021709
294084.0 0.021492
294142.0 0.021275
294200.0 0.021059
294258.0 0.020842
294316.0 0.020625
294374.0 0.020409
294432.0 0.020193
294490.0 0.019977
294548.0 0.019761
294606.0 0.019546
294664.0 0.019331
294722.0 0.019117
294780.0 0.018904
294838.0 0.018691
294896.0 0.018479
294954.0 0.018267
295012.0 0.018072
295070.0 0.017938
295128.0 0.017805
295186.0 0.017673
295244.0 0.01754
295302.0 0.017408
295360.0 0.017276
295418.0 0.017144
295476.0 0.017013
295534.0 0.016883
295592.0 0.016753
295650.0 0.016624
295708.0 0.016496
295766.0 0.016368
295824.0 0.01624
295882.0 0.016113
295940.0 0.015987
295998.0 0.015861
296056.0 0.015736
296114.0 0.015611
296172.0 0.015486
296230.0 0.015362
296288.0 0.015239
296346.0 0.015117
296404.0 0.014994
296462.0 0.014873
296520.0 0.014753
296578.0 0.014633
296636.0 0.014513
296694.0 0.014395
296752.0 0.014277
296810.0 0.014159
296868.0 0.014042
296926.0 0.013926
296984.0 0.01381
297042.0 0.013695
297100.0 0.013581
297158.0 0.013466
297216.0 0.013352
297274.0 0.013239
297332.0 0.013127
297390.0 0.013014
297448.0 0.012903
297506.0 0.012792
297564.0 0.012681
297622.0 0.01257
297680.0 0.012461
297738.0 0.012352
297796.0 0.012242
297854.0 0.012134
297912.0 0.012026
297970.0 0.011919
298028.0 0.011811
298086.0 0.011704
298144.0 0.011598
298202.0 0.011491
298260.0 0.011385
298318.0 0.011279
298376.0 0.011173
298434.0 0.011068
298492.0 0.010962
298550.0 0.010857
298608.0 0.010753
298666.0 0.010649
298724.0 0.010544
298782.0 0.010441
298840.0 0.010337
298898.0 0.010233
298956.0 0.01013
299014.0 0.010027
299072.0 0.0099237
299130.0 0.0098206
299188.0 0.0097178
299246.0 0.0096148
299304.0 0.0095119
299362.0 0.0094093
299420.0 0.0093068
299478.0 0.0092043
299536.0 0.0091021
299594.0 0.0090001
299652.0 0.0088981
299710.0 0.0087963
299768.0 0.0086947
299826.0 0.0085932
299884.0 0.0084917
299942.0 0.0083905
300042.0 0
300142.0 0
300242.0 0
300342.0 0
300442.0 0
