# v7
# Dated Jan 2025 (post-flight)
# filters+DBS+QE+OTE (nrc_plus_ote)
# Units of transmission are PCE (photon to electron conversion efficiency)
# 
45468.9  0.000000e+00
45482.5  0.000000e+00
45496.0  5.411655e-09
45509.5  5.407858e-09
45523.0  9.658980e-09
45536.5  8.321012e-07
45550.0  2.370478e-06
45563.5  3.029236e-06
45577.0  2.945783e-06
45590.5  2.172001e-06
45604.1  1.230536e-06
45617.6  5.050976e-07
45631.1  1.368353e-08
45644.6  5.372243e-09
45658.1  5.368578e-09
45671.6  5.365306e-09
45685.1  5.361643e-09
45698.6  5.358034e-09
45712.2  5.354781e-09
45725.7  5.351190e-09
45739.2  5.347582e-09
45752.7  7.282946e-08
45766.2  9.008317e-07
45779.7  3.789034e-06
45793.2  4.240902e-06
45806.7  4.544370e-06
45820.3  4.872242e-06
45833.8  6.196657e-06
45847.3  7.470147e-06
45860.8  8.580450e-06
45874.3  7.150664e-06
45887.8  3.666176e-06
45901.3  3.123364e-06
45914.8  2.488450e-06
45928.4  2.255810e-06
45941.9  2.319537e-06
45955.4  3.779236e-06
45968.9  5.866654e-06
45982.4  1.152953e-05
45995.9  1.853955e-05
46009.4  2.884621e-05
46022.9  4.167186e-05
46036.5  5.362110e-05
46050.0  6.838421e-05
46063.5  8.340931e-05
46077.0  9.410476e-05
46090.5  1.019991e-04
46104.0  1.054837e-04
46117.5  1.065575e-04
46131.0  1.071863e-04
46144.6  1.070513e-04
46158.1  1.062156e-04
46171.6  1.068692e-04
46185.1  1.104836e-04
46198.6  1.168861e-04
46212.1  1.246025e-04
46225.6  1.332419e-04
46239.1  1.441169e-04
46252.7  1.564899e-04
46266.2  1.703267e-04
46279.7  1.861462e-04
46293.2  2.042225e-04
46306.7  2.261104e-04
46320.2  2.499178e-04
46333.7  2.762282e-04
46347.2  3.061182e-04
46360.8  3.416147e-04
46374.3  3.833883e-04
46387.8  4.355616e-04
46401.3  5.004161e-04
46414.8  5.806941e-04
46428.3  6.829318e-04
46441.8  8.048102e-04
46455.3  9.509284e-04
46468.8  1.131134e-03
46482.4  1.347396e-03
46495.9  1.607712e-03
46509.4  1.914057e-03
46522.9  2.276649e-03
46536.4  2.705438e-03
46549.9  3.208059e-03
46563.4  3.798397e-03
46576.9  4.487151e-03
46590.5  5.298042e-03
46604.0  6.254444e-03
46617.5  7.378510e-03
46631.0  8.702698e-03
46644.5  1.026677e-02
46658.0  1.214646e-02
46671.5  1.440367e-02
46685.0  1.713685e-02
46698.6  2.053614e-02
46712.1  2.473453e-02
46725.6  3.003751e-02
46739.1  3.686083e-02
46752.6  4.551365e-02
46766.1  5.676708e-02
46779.6  7.118252e-02
46793.1  8.949023e-02
46806.7  1.121546e-01
46820.2  1.391072e-01
46833.7  1.709726e-01
46847.2  2.029582e-01
46860.7  2.361853e-01
46874.2  2.673627e-01
46887.7  2.911284e-01
46901.2  3.113729e-01
46914.8  3.239027e-01
46928.3  3.312301e-01
46941.8  3.356304e-01
46955.3  3.365721e-01
46968.8  3.369668e-01
46982.3  3.368552e-01
46995.8  3.371853e-01
47009.3  3.377849e-01
47022.9  3.387292e-01
47036.4  3.398816e-01
47049.9  3.409364e-01
47063.4  3.415122e-01
47076.9  3.414113e-01
47090.4  3.408079e-01
47103.9  3.391961e-01
47117.4  3.372281e-01
47131.0  3.348622e-01
47144.5  3.326242e-01
47158.0  3.306940e-01
47171.5  3.293254e-01
47185.0  3.287258e-01
47198.5  3.283653e-01
47212.0  3.278210e-01
47225.5  3.256017e-01
47239.1  3.220518e-01
47252.6  3.117715e-01
47266.1  2.977956e-01
47279.6  2.783589e-01
47293.1  2.516268e-01
47306.6  2.234882e-01
47320.1  1.911094e-01
47333.6  1.594432e-01
47347.1  1.306952e-01
47360.7  1.036318e-01
47374.2  8.152009e-02
47387.7  6.333366e-02
47401.2  4.897302e-02
47414.7  3.785602e-02
47428.2  2.937510e-02
47441.7  2.293370e-02
47455.2  1.798911e-02
47468.8  1.429508e-02
47482.3  1.142218e-02
47495.8  9.209993e-03
47509.3  7.499440e-03
47522.8  6.137833e-03
47536.3  5.079650e-03
47549.8  4.230172e-03
47563.3  3.542913e-03
47576.9  2.993708e-03
47590.4  2.539344e-03
47603.9  2.168990e-03
47617.4  1.863117e-03
47630.9  1.605129e-03
47644.4  1.388084e-03
47657.9  1.202533e-03
47671.4  1.044117e-03
47685.0  9.086600e-04
47698.5  7.914129e-04
47712.0  6.900036e-04
47725.5  6.047065e-04
47739.0  5.321021e-04
47752.5  4.732408e-04
47766.0  4.225988e-04
47779.5  3.799832e-04
47793.1  3.457435e-04
47806.6  3.165073e-04
47820.1  2.924409e-04
47833.6  2.702044e-04
47847.1  2.496358e-04
47860.6  2.306830e-04
47874.1  2.128085e-04
47887.6  1.943398e-04
47901.2  1.764036e-04
47914.7  1.592291e-04
47928.2  1.436820e-04
47941.7  1.293035e-04
47955.2  1.153637e-04
47968.7  1.034440e-04
47982.2  9.310384e-05
47995.7  8.568692e-05
48009.3  7.807059e-05
48022.8  0.000000e+00
48036.3  0.000000e+00
