# v7
# Dated Jan 2025 (post-flight)
# filters+DBS+QE+OTE (nrc_plus_ote)
# Units of transmission are PCE (photon to electron conversion efficiency)
# 
45468.9  0.000000e+00
45482.5  0.000000e+00
45496.0  3.629117e-07
45509.5  1.321222e-06
45523.0  5.004458e-06
45536.5  8.782669e-06
45550.0  1.230493e-05
45563.5  1.818910e-05
45577.0  2.304875e-05
45590.5  2.859560e-05
45604.1  3.850279e-05
45617.6  5.071989e-05
45631.1  6.628991e-05
45644.6  8.746250e-05
45658.1  1.157614e-04
45671.6  1.505588e-04
45685.1  1.941068e-04
45698.6  2.474380e-04
45712.2  3.114106e-04
45725.7  3.888715e-04
45739.2  4.818519e-04
45752.7  5.820513e-04
45766.2  6.904041e-04
45779.7  8.039890e-04
45793.2  8.969049e-04
45806.7  9.788346e-04
45820.3  1.046440e-03
45833.8  1.081023e-03
45847.3  1.108923e-03
45860.8  1.131449e-03
45874.3  1.164046e-03
45887.8  1.212948e-03
45901.3  1.279324e-03
45914.8  1.377373e-03
45928.4  1.501443e-03
45941.9  1.655684e-03
45955.4  1.859325e-03
45968.9  2.104183e-03
45982.4  2.399502e-03
45995.9  2.772978e-03
46009.4  3.225641e-03
46022.9  3.777630e-03
46036.5  4.472210e-03
46050.0  5.324200e-03
46063.5  6.377187e-03
46077.0  7.704217e-03
46090.5  9.340556e-03
46104.0  1.137059e-02
46117.5  1.391351e-02
46131.0  1.705902e-02
46144.6  2.096724e-02
46158.1  2.582842e-02
46171.6  3.184916e-02
46185.1  3.933421e-02
46198.6  4.860345e-02
46212.1  6.007151e-02
46225.6  7.421420e-02
46239.1  9.130401e-02
46252.7  1.119308e-01
46266.2  1.359121e-01
46279.7  1.624567e-01
46293.2  1.920693e-01
46306.7  2.218815e-01
46320.2  2.508331e-01
46333.7  2.794793e-01
46347.2  3.024255e-01
46360.8  3.214874e-01
46374.3  3.372352e-01
46387.8  3.458508e-01
46401.3  3.516949e-01
46414.8  3.550015e-01
46428.3  3.554328e-01
46441.8  3.554018e-01
46455.3  3.549251e-01
46468.8  3.546727e-01
46482.4  3.546692e-01
46495.9  3.551444e-01
46509.4  3.560266e-01
46522.9  3.569641e-01
46536.4  3.579827e-01
46549.9  3.587284e-01
46563.4  3.591884e-01
46576.9  3.591270e-01
46590.5  3.585584e-01
46604.0  3.577602e-01
46617.5  3.565866e-01
46631.0  3.552842e-01
46644.5  3.539763e-01
46658.0  3.526068e-01
46671.5  3.508677e-01
46685.0  3.487899e-01
46698.6  3.444698e-01
46712.1  3.381792e-01
46725.6  3.287657e-01
46739.1  3.136829e-01
46752.6  2.956495e-01
46766.1  2.717447e-01
46779.6  2.436851e-01
46793.1  2.149924e-01
46806.7  1.829437e-01
46820.2  1.526465e-01
46833.7  1.252004e-01
46847.2  9.968218e-02
46860.7  7.864749e-02
46874.2  6.130546e-02
46887.7  4.741880e-02
46901.2  3.662861e-02
46914.8  2.831838e-02
46928.3  2.201779e-02
46941.8  1.718546e-02
46955.3  1.355399e-02
46968.8  1.076943e-02
46982.3  8.608554e-03
46995.8  6.974128e-03
47009.3  5.680899e-03
47022.9  4.662219e-03
47036.4  3.864058e-03
47049.9  3.218287e-03
47063.4  2.702861e-03
47076.9  2.284706e-03
47090.4  1.938904e-03
47103.9  1.660270e-03
47117.4  1.427004e-03
47131.0  1.231076e-03
47144.5  1.064982e-03
47158.0  9.229869e-04
47171.5  8.023215e-04
47185.0  7.004350e-04
47198.5  6.127541e-04
47212.0  5.374845e-04
47225.5  4.732481e-04
47239.1  4.179175e-04
47252.6  3.719468e-04
47266.1  3.330314e-04
47279.6  3.009823e-04
47293.1  2.775675e-04
47306.6  2.580952e-04
47320.1  2.424091e-04
47333.6  2.278987e-04
47347.1  2.144367e-04
47360.7  2.033864e-04
47374.2  1.923460e-04
47387.7  1.809254e-04
47401.2  1.677226e-04
47414.7  1.549303e-04
47428.2  1.431305e-04
47441.7  1.322968e-04
47455.2  1.223909e-04
47468.8  1.134352e-04
47482.3  1.052494e-04
47495.8  9.768917e-05
47509.3  8.815113e-05
47522.8  7.859620e-05
47536.3  6.868400e-05
47549.8  6.113886e-05
47563.3  5.541120e-05
47576.9  4.994432e-05
47590.4  4.458779e-05
47603.9  3.900289e-05
47617.4  3.425495e-05
47630.9  3.000071e-05
47644.4  2.436979e-05
47657.9  1.741720e-05
47671.4  1.238321e-05
47685.0  7.193938e-06
47698.5  3.797284e-06
47712.0  1.407667e-06
47725.5  1.035497e-07
47739.0  4.940263e-09
47752.5  4.556218e-09
47766.0  4.551952e-09
47779.5  4.547650e-09
47793.1  2.195943e-08
47806.6  1.002455e-06
47820.1  1.597984e-06
47833.6  3.092313e-06
47847.1  4.018148e-06
47860.6  6.176364e-06
47874.1  8.012543e-06
47887.6  9.476911e-06
47901.2  1.047279e-05
47914.7  1.116919e-05
47928.2  1.128058e-05
47941.7  1.102655e-05
47955.2  1.026385e-05
47968.7  9.631388e-06
47982.2  9.278842e-06
47995.7  9.647199e-06
48009.3  1.014834e-05
48022.8  0.000000e+00
48036.3  0.000000e+00
