# from M Ashby, priv. comm.
# Jun 10, 2026

# In-flight, corrected for curve traces and effects of PNe.
# No units given, assumed to be detector signal/photon

# wave ch01 ch02 ch03 ch04 ch05 ch06 ch07 ch08 ch09 ch10 ch11 ch12 ch13 ch14 ch15 ch16 ch17
14968.7 0.000000e+00 4.669234e-05 2.779608e-05 2.011773e-05 8.493056e-06 7.397622e-05 3.811539e-05 4.712982e-05 5.368773e-05 5.536844e-05 0.000000e+00 6.224570e-05 5.064164e-05 0.000000e+00 6.493964e-05 3.533975e-05 5.769805e-05
15008.8 2.242821e-05 4.970759e-05 6.529634e-05 6.638246e-05 2.196527e-05 5.072665e-05 1.851121e-05 2.904657e-05 4.011884e-05 7.277530e-05 8.223258e-06 4.048003e-05 3.806256e-05 0.000000e+00 5.824877e-05 1.020255e-04 9.193886e-05
15048.9 8.719166e-05 9.591263e-05 1.252675e-04 1.339599e-04 9.006463e-05 9.583915e-05 6.842685e-05 6.860356e-05 9.065668e-05 1.320955e-04 8.968671e-05 9.347433e-05 8.057693e-05 3.762693e-05 1.092541e-04 1.759922e-04 1.693134e-04
15089.0 1.419245e-04 1.476889e-04 1.568680e-04 1.726973e-04 1.502525e-04 1.514560e-04 1.287161e-04 1.141794e-04 1.502841e-04 1.846177e-04 1.652944e-04 1.711276e-04 1.316601e-04 8.297833e-05 1.626627e-04 2.073560e-04 2.342541e-04
15129.1 1.622732e-04 1.550299e-04 1.617921e-04 1.732033e-04 1.384673e-04 1.497284e-04 1.709096e-04 1.452853e-04 1.993823e-04 1.946195e-04 1.771064e-04 2.134270e-04 1.570787e-04 1.470159e-04 1.887060e-04 2.159105e-04 2.530506e-04
15169.1 1.647593e-04 1.525852e-04 1.782518e-04 1.816563e-04 1.361940e-04 1.548643e-04 2.009484e-04 1.672886e-04 2.383818e-04 1.800353e-04 1.714945e-04 2.155103e-04 1.803644e-04 2.063258e-04 1.952854e-04 2.170446e-04 2.570819e-04
15209.2 1.633757e-04 1.306662e-04 1.932616e-04 1.643464e-04 1.313816e-04 1.548583e-04 1.788547e-04 1.708040e-04 2.213905e-04 1.441380e-04 1.651638e-04 1.788071e-04 1.650690e-04 1.944348e-04 1.845148e-04 1.958798e-04 2.427861e-04
15249.2 2.040506e-04 1.705231e-04 2.518301e-04 1.996270e-04 1.759136e-04 1.894520e-04 1.987167e-04 2.137495e-04 2.579764e-04 1.641471e-04 2.103824e-04 2.057424e-04 2.141127e-04 2.336915e-04 2.349341e-04 2.328022e-04 2.913867e-04
15289.3 2.259297e-04 1.801469e-04 2.730278e-04 2.386324e-04 2.011111e-04 1.945502e-04 2.347491e-04 2.380035e-04 2.879652e-04 1.823923e-04 2.266590e-04 2.282973e-04 2.412485e-04 2.785642e-04 2.795817e-04 2.693395e-04 3.180143e-04
15329.3 9.649476e-05 6.606609e-05 1.364714e-04 1.051387e-04 8.695228e-05 8.221081e-05 9.963370e-05 1.006485e-04 1.426666e-04 7.434836e-05 1.136043e-04 1.145921e-04 1.109745e-04 1.635011e-04 1.540279e-04 1.710758e-04 2.119006e-04
15369.3 2.906134e-05 3.136306e-05 4.810549e-05 1.165210e-05 2.346708e-05 2.855788e-05 2.557704e-05 2.659640e-05 4.588666e-05 3.902172e-05 6.619600e-05 4.040487e-05 3.884036e-05 8.442302e-05 7.413591e-05 1.162656e-04 2.078588e-04
15409.3 4.644026e-05 6.882354e-05 7.420721e-05 2.867182e-05 4.620900e-05 7.356563e-05 4.732948e-05 4.711014e-05 7.752196e-05 6.905916e-05 8.258804e-05 6.607242e-05 8.084561e-05 8.747006e-05 7.255817e-05 1.476834e-04 2.892992e-04
15449.3 1.524524e-05 3.158856e-05 6.086073e-05 4.710058e-06 0.000000e+00 4.667427e-05 4.821863e-05 3.370701e-05 4.719885e-05 2.951998e-05 4.145645e-05 4.472196e-05 5.024609e-05 4.180881e-05 2.500380e-05 1.271309e-04 2.687895e-04
15489.3 9.119183e-06 1.221067e-05 6.914578e-05 0.000000e+00 0.000000e+00 4.757887e-05 5.461182e-05 5.048226e-05 2.598552e-05 2.475785e-05 5.222992e-05 5.993830e-05 2.608206e-05 5.959066e-05 3.148961e-05 1.491879e-04 2.543460e-04
15529.3 8.864968e-05 8.096009e-05 1.306934e-04 6.256048e-05 7.223857e-05 1.126287e-04 1.225001e-04 1.277742e-04 1.138002e-04 1.303256e-04 1.415026e-04 1.558701e-04 1.011248e-04 1.343522e-04 1.321781e-04 2.001947e-04 3.258310e-04
15569.2 9.616662e-05 9.624091e-05 1.241669e-04 8.507583e-05 9.653210e-05 1.076817e-04 1.212364e-04 1.178959e-04 1.626988e-04 1.457190e-04 1.509432e-04 1.775886e-04 1.396555e-04 1.250680e-04 1.444321e-04 1.772553e-04 3.757679e-04
15609.2 1.156918e-04 1.133038e-04 1.194635e-04 8.706052e-05 8.616535e-05 1.029601e-04 1.295326e-04 1.149648e-04 1.850379e-04 1.361105e-04 1.563351e-04 1.600884e-04 1.419380e-04 1.139021e-04 1.440927e-04 1.705190e-04 4.280528e-04
15649.1 9.788451e-05 9.809141e-05 9.500936e-05 7.306386e-05 5.540988e-05 1.033009e-04 9.489683e-05 1.050309e-04 1.434758e-04 1.286327e-04 1.576533e-04 1.309917e-04 1.030702e-04 1.021465e-04 1.343495e-04 1.617558e-04 4.195924e-04
15689.1 8.213797e-05 6.587073e-05 7.302858e-05 7.621195e-05 6.294699e-05 9.714133e-05 9.514325e-05 9.170977e-05 1.218507e-04 1.333191e-04 1.567009e-04 1.417103e-04 8.524401e-05 7.197604e-05 1.172240e-04 1.395045e-04 4.346282e-04
15729.0 4.810910e-05 6.949784e-05 5.918180e-05 5.951388e-05 5.370028e-05 7.867870e-05 1.012168e-04 7.040509e-05 1.087823e-04 1.104990e-04 1.011775e-04 1.177424e-04 7.489535e-05 5.447677e-05 1.002637e-04 1.515133e-04 4.728840e-04
15768.9 0.000000e+00 4.734523e-05 1.831102e-05 0.000000e+00 0.000000e+00 6.456319e-06 2.397449e-06 0.000000e+00 5.325815e-05 1.504319e-05 0.000000e+00 1.094975e-05 1.479398e-05 5.583597e-06 5.247042e-05 1.473014e-04 4.814843e-04
15808.8 0.000000e+00 0.000000e+00 0.000000e+00 0.000000e+00 0.000000e+00 0.000000e+00 0.000000e+00 0.000000e+00 0.000000e+00 0.000000e+00 0.000000e+00 0.000000e+00 0.000000e+00 0.000000e+00 0.000000e+00 1.051613e-04 4.856002e-04
15848.6 0.000000e+00 0.000000e+00 0.000000e+00 0.000000e+00 0.000000e+00 0.000000e+00 0.000000e+00 0.000000e+00 0.000000e+00 0.000000e+00 0.000000e+00 0.000000e+00 0.000000e+00 0.000000e+00 0.000000e+00 8.992279e-05 6.099071e-04
15888.5 0.000000e+00 0.000000e+00 0.000000e+00 0.000000e+00 0.000000e+00 0.000000e+00 0.000000e+00 0.000000e+00 0.000000e+00 0.000000e+00 0.000000e+00 0.000000e+00 0.000000e+00 0.000000e+00 0.000000e+00 4.199098e-05 6.421138e-04
15929.4 6.150563e-06 1.098924e-04 9.418764e-05 6.571709e-05 9.046327e-05 1.039543e-04 1.048440e-04 1.162445e-04 1.459390e-04 1.274873e-04 1.224658e-04 1.545177e-04 1.468712e-04 1.461247e-04 2.322434e-04 4.044083e-04 1.092069e-03
15969.3 4.084044e-04 4.895883e-04 4.962396e-04 4.514080e-04 4.738571e-04 4.862105e-04 4.946102e-04 5.123754e-04 4.942883e-04 5.135006e-04 5.023930e-04 5.339222e-04 5.543528e-04 5.693072e-04 6.404803e-04 8.421392e-04 1.781032e-03
16009.1 5.842694e-04 6.511693e-04 6.715283e-04 6.120108e-04 6.411618e-04 6.296469e-04 6.637828e-04 6.710576e-04 6.300520e-04 6.856890e-04 6.736786e-04 6.518355e-04 7.333319e-04 7.531890e-04 8.135305e-04 1.059928e-03 2.447815e-03
16048.9 3.723105e-04 4.297985e-04 4.065801e-04 3.661730e-04 3.960843e-04 3.748087e-04 4.296018e-04 4.186747e-04 3.775707e-04 4.296892e-04 4.300714e-04 4.009730e-04 4.918308e-04 5.128140e-04 5.886638e-04 8.890120e-04 2.905031e-03
16088.7 3.161190e-04 3.313350e-04 2.959905e-04 2.536931e-04 2.936754e-04 2.886606e-04 3.241052e-04 3.157953e-04 2.820002e-04 3.119461e-04 3.103847e-04 3.018100e-04 3.689229e-04 4.078043e-04 5.150116e-04 8.129810e-04 3.935902e-03
16128.5 2.323429e-04 2.262507e-04 1.924192e-04 1.720115e-04 1.823022e-04 1.947786e-04 2.063937e-04 1.912236e-04 2.060499e-04 2.108183e-04 1.841847e-04 1.975394e-04 2.489953e-04 2.856737e-04 4.135013e-04 7.252573e-04 5.601368e-03
16169.4 1.324107e-04 1.774596e-04 1.301464e-04 1.266039e-04 1.078897e-04 1.300301e-04 1.486777e-04 1.145816e-04 1.467795e-04 1.509276e-04 1.145379e-04 1.304053e-04 1.852237e-04 2.260155e-04 3.520023e-04 7.727717e-04 8.994169e-03
16209.2 6.295814e-05 1.320323e-04 5.545063e-05 5.868818e-05 0.000000e+00 6.214574e-05 7.666950e-05 6.199844e-05 6.896597e-05 5.925661e-05 4.453968e-05 4.592778e-05 1.104230e-04 1.589320e-04 2.949034e-04 8.247357e-04 1.715499e-02
16248.9 8.565320e-05 1.041635e-04 5.115722e-05 2.009074e-05 0.000000e+00 3.565554e-05 3.037414e-05 4.633525e-05 6.142555e-05 4.732597e-05 3.944689e-05 3.081095e-05 8.496622e-05 1.416016e-04 2.766649e-04 9.217428e-04 3.594535e-02
16288.7 1.333281e-04 1.550887e-04 1.174456e-04 6.097425e-05 9.585590e-06 6.577503e-05 6.421636e-05 6.588088e-05 1.081373e-04 8.570343e-05 7.225100e-05 9.221555e-05 1.185820e-04 1.839247e-04 2.928055e-04 1.066087e-03 9.947199e-02
16329.5 1.474311e-04 1.556552e-04 1.494536e-04 8.556273e-05 6.742071e-05 7.756327e-05 9.985711e-05 8.221452e-05 1.173664e-04 1.152493e-04 9.405974e-05 1.227550e-04 1.446614e-04 2.097339e-04 3.336522e-04 1.217538e-03 2.666996e-01
16369.2 1.172023e-04 1.265302e-04 8.595162e-05 5.125778e-05 3.498342e-05 3.603414e-05 5.786034e-05 6.113440e-05 8.758305e-05 9.760450e-05 8.438844e-05 1.109261e-04 1.286069e-04 1.601546e-04 3.585098e-04 1.335143e-03 5.469567e-01
16408.9 7.709769e-05 6.470949e-05 0.000000e+00 0.000000e+00 0.000000e+00 0.000000e+00 0.000000e+00 0.000000e+00 4.939493e-05 2.872679e-05 4.020470e-05 5.771417e-05 7.515274e-05 9.687086e-05 3.075280e-04 1.624858e-03 8.283209e-01
16448.6 2.478095e-05 2.412787e-05 0.000000e+00 0.000000e+00 0.000000e+00 0.000000e+00 0.000000e+00 0.000000e+00 1.108094e-05 0.000000e+00 4.339518e-06 0.000000e+00 1.396378e-05 6.540707e-05 2.585819e-04 2.392957e-03 9.798238e-01
16489.4 0.000000e+00 0.000000e+00 0.000000e+00 0.000000e+00 0.000000e+00 0.000000e+00 0.000000e+00 0.000000e+00 0.000000e+00 0.000000e+00 0.000000e+00 0.000000e+00 0.000000e+00 3.137266e-05 2.585728e-04 3.843212e-03 1.006398e+00
16529.0 0.000000e+00 0.000000e+00 0.000000e+00 0.000000e+00 0.000000e+00 0.000000e+00 0.000000e+00 0.000000e+00 0.000000e+00 0.000000e+00 0.000000e+00 0.000000e+00 0.000000e+00 2.853292e-05 3.060487e-04 6.637999e-03 9.995250e-01
16568.7 1.045174e-04 1.008503e-05 5.366401e-06 0.000000e+00 0.000000e+00 0.000000e+00 0.000000e+00 0.000000e+00 2.466642e-05 9.175368e-06 0.000000e+00 1.260118e-05 5.284999e-05 1.646417e-04 4.911980e-04 1.175347e-02 9.972022e-01
16609.4 3.140048e-04 2.352762e-04 2.295022e-04 2.030404e-04 2.041625e-04 1.651148e-04 1.777190e-04 2.217901e-04 2.388732e-04 2.212211e-04 2.155549e-04 2.641368e-04 2.818544e-04 3.813235e-04 7.837303e-04 2.433383e-02 1.003912e+00
16649.1 2.631964e-04 2.018020e-04 1.936563e-04 1.784357e-04 1.759791e-04 1.426153e-04 1.409441e-04 2.075779e-04 2.238297e-04 2.101249e-04 1.842794e-04 2.642210e-04 2.853570e-04 3.714641e-04 8.283271e-04 5.668076e-02 9.974240e-01
16688.7 2.320994e-04 1.460178e-04 1.523650e-04 1.419841e-04 1.533204e-04 1.181869e-04 1.217174e-04 1.729341e-04 1.996474e-04 1.838928e-04 1.717524e-04 2.444718e-04 2.695533e-04 3.685966e-04 9.198134e-04 1.610600e-01 8.998997e-01
16729.4 1.635717e-04 1.059159e-04 1.188941e-04 7.579321e-05 1.224371e-04 7.242319e-05 6.775445e-05 1.242361e-04 1.414258e-04 1.509775e-04 1.484690e-04 1.794903e-04 1.937439e-04 3.822721e-04 1.120701e-03 3.851645e-01 6.753163e-01
16769.0 6.613181e-05 5.955535e-05 5.671164e-05 4.443624e-06 4.599629e-05 3.569454e-06 0.000000e+00 5.477550e-05 4.766131e-05 8.396221e-05 5.870618e-05 8.647471e-05 1.025064e-04 3.578136e-04 1.422217e-03 6.726103e-01 4.088913e-01
16808.5 0.000000e+00 0.000000e+00 0.000000e+00 0.000000e+00 0.000000e+00 0.000000e+00 0.000000e+00 0.000000e+00 0.000000e+00 0.000000e+00 0.000000e+00 0.000000e+00 0.000000e+00 1.809024e-04 1.774128e-03 8.973362e-01 2.008409e-01
16849.2 0.000000e+00 0.000000e+00 0.000000e+00 0.000000e+00 0.000000e+00 0.000000e+00 0.000000e+00 0.000000e+00 0.000000e+00 0.000000e+00 0.000000e+00 0.000000e+00 0.000000e+00 1.650788e-04 2.794510e-03 9.936872e-01 8.123050e-02
16888.8 0.000000e+00 0.000000e+00 0.000000e+00 0.000000e+00 0.000000e+00 0.000000e+00 0.000000e+00 0.000000e+00 0.000000e+00 0.000000e+00 0.000000e+00 0.000000e+00 0.000000e+00 2.401566e-04 4.522738e-03 1.000616e+00 3.363487e-02
16929.4 0.000000e+00 0.000000e+00 0.000000e+00 0.000000e+00 0.000000e+00 0.000000e+00 0.000000e+00 0.000000e+00 0.000000e+00 0.000000e+00 0.000000e+00 0.000000e+00 0.000000e+00 3.598088e-04 8.005049e-03 9.942106e-01 1.554203e-02
16968.9 0.000000e+00 0.000000e+00 0.000000e+00 0.000000e+00 0.000000e+00 0.000000e+00 0.000000e+00 0.000000e+00 0.000000e+00 0.000000e+00 0.000000e+00 0.000000e+00 0.000000e+00 3.596290e-04 1.436879e-02 9.961896e-01 8.831075e-03
17009.5 0.000000e+00 0.000000e+00 0.000000e+00 0.000000e+00 0.000000e+00 0.000000e+00 0.000000e+00 0.000000e+00 0.000000e+00 0.000000e+00 0.000000e+00 0.000000e+00 0.000000e+00 4.002852e-04 3.097178e-02 1.006159e+00 5.474638e-03
17049.0 6.102852e-05 0.000000e+00 0.000000e+00 1.733050e-05 2.664272e-05 5.283078e-06 0.000000e+00 0.000000e+00 4.016072e-05 1.838640e-05 6.567899e-05 6.366789e-05 1.949881e-04 7.242405e-04 7.534094e-02 9.899359e-01 3.606956e-03
17088.5 1.434391e-04 6.686944e-05 8.947810e-05 1.354462e-04 1.432545e-04 1.066037e-04 1.026348e-04 8.846885e-05 1.760569e-04 1.200943e-04 1.728098e-04 1.683814e-04 3.005047e-04 9.961970e-04 1.998112e-01 8.777344e-01 2.408110e-03
17129.0 1.301092e-04 4.076926e-05 9.732965e-05 1.085383e-04 1.117833e-04 1.096255e-04 1.032337e-04 7.140355e-05 1.622266e-04 9.530823e-05 1.394596e-04 1.741573e-04 2.891557e-04 1.191086e-03 4.442833e-01 6.431767e-01 1.679866e-03
17168.5 1.463553e-04 9.430147e-05 1.252640e-04 1.115924e-04 1.004301e-04 1.272492e-04 1.110046e-04 1.260102e-04 1.727682e-04 1.045286e-04 1.437244e-04 2.171870e-04 3.574668e-04 1.584652e-03 7.281562e-01 3.824161e-01 1.277363e-03
17209.1 2.174883e-04 1.971823e-04 2.244003e-04 2.034032e-04 1.683032e-04 2.047153e-04 1.770497e-04 2.490620e-04 2.402838e-04 2.104159e-04 2.406615e-04 3.474842e-04 5.395596e-04 2.334423e-03 9.292173e-01 1.819028e-01 1.018266e-03
17248.5 3.223803e-04 2.919791e-04 3.166981e-04 2.955468e-04 2.722098e-04 2.901314e-04 2.822017e-04 3.390178e-04 3.406886e-04 3.145937e-04 3.615200e-04 4.643922e-04 7.302946e-04 3.510319e-03 9.958498e-01 7.735222e-02 9.137373e-04
17289.0 4.345496e-04 3.842681e-04 4.330383e-04 3.871108e-04 3.830828e-04 3.701050e-04 3.707515e-04 4.313497e-04 4.679196e-04 4.401870e-04 4.636842e-04 5.623519e-04 9.022006e-04 5.291934e-03 9.993494e-01 3.371501e-02 9.413738e-04
17329.5 2.270565e-04 1.766338e-04 2.212913e-04 1.734719e-04 1.833490e-04 1.617717e-04 1.516574e-04 2.025681e-04 2.835824e-04 2.393153e-04 2.655409e-04 3.651525e-04 7.059741e-04 8.552033e-03 9.986468e-01 1.627343e-02 6.368322e-04
17368.9 0.000000e+00 0.000000e+00 0.000000e+00 0.000000e+00 0.000000e+00 0.000000e+00 0.000000e+00 0.000000e+00 0.000000e+00 0.000000e+00 0.000000e+00 1.954212e-06 3.813324e-04 1.486527e-02 9.995437e-01 9.039643e-03 1.555243e-04
17409.4 0.000000e+00 0.000000e+00 0.000000e+00 0.000000e+00 0.000000e+00 0.000000e+00 0.000000e+00 0.000000e+00 0.000000e+00 0.000000e+00 0.000000e+00 0.000000e+00 3.257853e-04 3.116866e-02 1.003413e+00 5.421416e-03 0.000000e+00
17448.7 0.000000e+00 0.000000e+00 0.000000e+00 0.000000e+00 0.000000e+00 0.000000e+00 0.000000e+00 0.000000e+00 0.000000e+00 0.000000e+00 0.000000e+00 0.000000e+00 5.135178e-04 7.236349e-02 9.849104e-01 3.483030e-03 4.048408e-05
17489.2 0.000000e+00 0.000000e+00 0.000000e+00 0.000000e+00 0.000000e+00 0.000000e+00 0.000000e+00 0.000000e+00 0.000000e+00 0.000000e+00 0.000000e+00 7.688002e-05 7.629110e-04 1.921621e-01 8.754331e-01 2.286951e-03 1.184392e-04
17528.5 0.000000e+00 0.000000e+00 0.000000e+00 0.000000e+00 0.000000e+00 0.000000e+00 0.000000e+00 0.000000e+00 0.000000e+00 0.000000e+00 1.523579e-05 1.020096e-04 9.752573e-04 4.193462e-01 6.616336e-01 1.579233e-03 1.205179e-04
17568.9 0.000000e+00 0.000000e+00 0.000000e+00 0.000000e+00 0.000000e+00 0.000000e+00 0.000000e+00 0.000000e+00 0.000000e+00 0.000000e+00 0.000000e+00 1.004730e-04 1.308913e-03 7.093583e-01 4.027438e-01 1.055225e-03 5.993902e-05
17609.3 0.000000e+00 0.000000e+00 0.000000e+00 0.000000e+00 0.000000e+00 0.000000e+00 0.000000e+00 0.000000e+00 0.000000e+00 0.000000e+00 0.000000e+00 1.359654e-04 1.848798e-03 9.195210e-01 2.013487e-01 6.961097e-04 0.000000e+00
17648.6 0.000000e+00 0.000000e+00 0.000000e+00 0.000000e+00 0.000000e+00 0.000000e+00 0.000000e+00 0.000000e+00 0.000000e+00 0.000000e+00 0.000000e+00 1.617399e-04 2.847423e-03 9.960850e-01 8.907021e-02 4.633891e-04 0.000000e+00
17689.0 0.000000e+00 0.000000e+00 0.000000e+00 0.000000e+00 0.000000e+00 0.000000e+00 0.000000e+00 0.000000e+00 0.000000e+00 0.000000e+00 2.669115e-05 2.087263e-04 4.328770e-03 1.000251e+00 3.896399e-02 3.321610e-04 9.816487e-06
17729.3 0.000000e+00 0.000000e+00 0.000000e+00 0.000000e+00 0.000000e+00 0.000000e+00 0.000000e+00 0.000000e+00 0.000000e+00 0.000000e+00 1.146340e-04 3.238675e-04 7.423037e-03 9.987138e-01 1.867521e-02 3.354082e-04 5.739767e-05
17768.6 0.000000e+00 0.000000e+00 0.000000e+00 0.000000e+00 0.000000e+00 0.000000e+00 0.000000e+00 0.000000e+00 0.000000e+00 0.000000e+00 2.168464e-05 3.429831e-04 1.287471e-02 9.994664e-01 1.044384e-02 2.150492e-04 0.000000e+00
17808.9 0.000000e+00 0.000000e+00 0.000000e+00 0.000000e+00 0.000000e+00 0.000000e+00 0.000000e+00 0.000000e+00 0.000000e+00 0.000000e+00 0.000000e+00 4.268392e-04 2.568791e-02 1.001838e+00 6.167612e-03 9.801306e-05 0.000000e+00
17849.2 0.000000e+00 0.000000e+00 0.000000e+00 0.000000e+00 0.000000e+00 0.000000e+00 0.000000e+00 0.000000e+00 0.000000e+00 7.267713e-05 1.322667e-04 6.976682e-04 5.545255e-02 9.994179e-01 4.058874e-03 1.842750e-04 0.000000e+00
17888.5 0.000000e+00 0.000000e+00 0.000000e+00 0.000000e+00 0.000000e+00 0.000000e+00 0.000000e+00 0.000000e+00 2.837045e-06 9.658630e-05 1.712072e-04 7.811499e-04 1.371466e-01 9.352342e-01 2.637891e-03 1.873157e-04 0.000000e+00
17928.8 0.000000e+00 0.000000e+00 0.000000e+00 0.000000e+00 0.000000e+00 0.000000e+00 0.000000e+00 0.000000e+00 2.493561e-05 1.298205e-04 1.991737e-04 1.009970e-03 3.198693e-01 7.615895e-01 1.841203e-03 1.845952e-04 0.000000e+00
17969.0 1.153805e-04 9.260593e-05 8.571793e-05 6.532924e-05 4.868255e-05 1.349542e-04 1.646100e-04 1.706879e-04 1.776069e-04 2.808671e-04 3.830105e-04 1.563893e-03 5.974884e-01 5.110004e-01 1.559558e-03 3.225967e-04 1.707060e-04
18009.3 4.070225e-04 4.483623e-04 4.408965e-04 3.942806e-04 3.679413e-04 4.323849e-04 4.504608e-04 4.824013e-04 4.913558e-04 5.897657e-04 7.271552e-04 2.461491e-03 8.522793e-01 2.806595e-01 1.568520e-03 6.186300e-04 4.977185e-04
18049.5 3.800598e-04 4.479411e-04 4.271785e-04 4.164770e-04 3.910176e-04 4.321747e-04 4.377851e-04 4.567722e-04 5.009737e-04 5.728241e-04 7.702687e-04 3.281220e-03 9.822206e-01 1.293248e-01 1.251091e-03 6.281071e-04 4.943111e-04
18088.7 3.065530e-04 3.566097e-04 3.283529e-04 3.462154e-04 3.261720e-04 3.468974e-04 3.924644e-04 3.627441e-04 4.019624e-04 5.020942e-04 7.234962e-04 4.382016e-03 1.004171e+00 5.914646e-02 1.045391e-03 5.469555e-04 3.955938e-04
18128.9 1.973858e-04 2.066803e-04 1.890682e-04 2.299968e-04 2.093345e-04 2.125300e-04 2.663932e-04 2.317012e-04 2.606141e-04 3.626612e-04 6.506112e-04 6.333779e-03 9.995935e-01 2.801759e-02 7.821519e-04 3.696618e-04 2.536935e-04
18169.1 0.000000e+00 6.015850e-07 0.000000e+00 1.576586e-05 2.108291e-05 3.091398e-05 2.365271e-05 3.376548e-05 6.749822e-05 1.672751e-04 5.197351e-04 1.000315e-02 9.953078e-01 1.503916e-02 4.162192e-04 1.108278e-04 2.933183e-05
18209.3 0.000000e+00 0.000000e+00 0.000000e+00 0.000000e+00 0.000000e+00 0.000000e+00 0.000000e+00 0.000000e+00 0.000000e+00 0.000000e+00 3.822538e-04 1.824574e-02 9.928143e-01 8.612637e-03 6.798070e-05 0.000000e+00 0.000000e+00
18249.4 0.000000e+00 0.000000e+00 0.000000e+00 0.000000e+00 0.000000e+00 0.000000e+00 0.000000e+00 0.000000e+00 0.000000e+00 1.036981e-04 5.514224e-04 3.463003e-02 9.976121e-01 5.255699e-03 1.181166e-04 0.000000e+00 0.000000e+00
18288.5 3.509605e-05 7.452606e-05 9.026485e-05 4.816737e-05 6.339255e-05 7.991222e-05 6.834538e-05 5.304223e-05 1.547719e-04 2.890695e-04 8.153716e-04 7.682293e-02 9.880367e-01 3.590220e-03 2.586497e-04 9.586895e-05 8.586524e-05
18328.7 1.634164e-05 2.609800e-05 1.967483e-05 6.887085e-07 3.417224e-05 4.991384e-05 1.705263e-05 4.547877e-05 1.503166e-04 2.987603e-04 9.320505e-04 1.900365e-01 9.042831e-01 2.446266e-03 2.023891e-04 5.564003e-05 4.081811e-05
18368.8 0.000000e+00 0.000000e+00 0.000000e+00 0.000000e+00 0.000000e+00 0.000000e+00 0.000000e+00 6.206749e-06 1.187879e-04 2.584889e-04 1.012651e-03 4.110535e-01 7.073825e-01 1.666218e-03 1.178753e-04 0.000000e+00 0.000000e+00
18408.9 0.000000e+00 0.000000e+00 0.000000e+00 0.000000e+00 0.000000e+00 0.000000e+00 0.000000e+00 4.081687e-05 1.532209e-04 3.382002e-04 1.335908e-03 6.916619e-01 4.538574e-01 1.226848e-03 1.488468e-04 2.632503e-05 0.000000e+00
18449.0 0.000000e+00 0.000000e+00 0.000000e+00 0.000000e+00 0.000000e+00 0.000000e+00 0.000000e+00 4.827887e-05 1.646348e-04 3.898171e-04 1.846515e-03 9.087555e-01 2.400901e-01 9.232816e-04 1.360893e-04 6.028610e-05 0.000000e+00
18489.1 0.000000e+00 0.000000e+00 0.000000e+00 0.000000e+00 0.000000e+00 0.000000e+00 0.000000e+00 7.658979e-05 1.567755e-04 4.297543e-04 2.760437e-03 9.968695e-01 1.121644e-01 7.257994e-04 1.016454e-04 9.131546e-05 0.000000e+00
18529.2 0.000000e+00 0.000000e+00 0.000000e+00 0.000000e+00 0.000000e+00 0.000000e+00 0.000000e+00 4.947718e-05 1.426056e-04 4.519167e-04 4.140780e-03 1.003393e+00 5.123169e-02 5.083010e-04 6.204101e-05 4.431452e-05 0.000000e+00
18569.2 1.705627e-06 0.000000e+00 0.000000e+00 0.000000e+00 0.000000e+00 1.287093e-05 1.068844e-05 5.703346e-05 1.954403e-04 5.208671e-04 6.653447e-03 9.982997e-01 2.528337e-02 3.874742e-04 8.118970e-05 7.573888e-06 0.000000e+00
18609.3 3.914616e-05 0.000000e+00 2.478800e-05 5.312247e-05 2.311785e-05 5.898879e-05 7.815976e-05 1.058962e-04 2.622789e-04 5.741095e-04 1.096388e-02 9.976329e-01 1.397886e-02 3.686267e-04 1.134089e-04 4.088658e-05 4.547170e-05
18649.3 0.000000e+00 0.000000e+00 9.707487e-06 1.658379e-05 1.307704e-05 3.454192e-05 4.824898e-05 9.915860e-05 2.571043e-04 6.332643e-04 1.977088e-02 9.986389e-01 8.132698e-03 2.682130e-04 5.949662e-05 3.430777e-05 1.350506e-06
18689.3 0.000000e+00 0.000000e+00 0.000000e+00 0.000000e+00 0.000000e+00 0.000000e+00 0.000000e+00 0.000000e+00 1.502726e-04 6.858593e-04 3.810162e-02 1.004459e+00 5.077063e-03 1.193581e-04 0.000000e+00 0.000000e+00 0.000000e+00
18729.3 1.641695e-05 0.000000e+00 6.710425e-05 2.279444e-05 3.365492e-05 7.583750e-05 6.783250e-05 1.525826e-04 3.255031e-04 9.468919e-04 8.764515e-02 9.878849e-01 3.527768e-03 2.818664e-04 1.324987e-04 5.232434e-05 4.304990e-05
18769.3 1.870186e-04 1.930749e-04 2.104133e-04 2.413668e-04 2.490979e-04 2.270054e-04 2.453652e-04 3.275188e-04 5.422880e-04 1.225765e-03 2.015706e-01 8.911513e-01 2.630875e-03 4.484498e-04 3.332519e-04 2.468466e-04 2.409809e-04
18809.2 2.130752e-04 2.467185e-04 2.004139e-04 2.593438e-04 2.752400e-04 2.239188e-04 2.409381e-04 3.299546e-04 5.829149e-04 1.437048e-03 4.178578e-01 6.885956e-01 2.014004e-03 4.287619e-04 3.350328e-04 2.671755e-04 2.528199e-04
18849.2 1.803817e-04 1.783374e-04 1.504838e-04 1.894942e-04 2.135343e-04 1.836204e-04 1.903505e-04 2.960598e-04 5.835515e-04 1.684086e-03 6.919202e-01 4.405389e-01 1.507936e-03 3.786280e-04 2.735866e-04 2.095787e-04 2.150380e-04
18889.1 7.631911e-05 7.691898e-05 7.756904e-05 1.006986e-04 1.329856e-04 1.008450e-04 1.079248e-04 2.678065e-04 5.579896e-04 2.086445e-03 9.052176e-01 2.318837e-01 1.066397e-03 2.868955e-04 1.741869e-04 1.157869e-04 1.160994e-04
18929.0 0.000000e+00 1.172053e-05 0.000000e+00 4.492894e-05 6.755495e-05 4.034809e-05 3.264679e-05 2.236642e-04 4.842150e-04 2.901108e-03 9.897899e-01 1.081980e-01 7.718445e-04 1.695010e-04 9.355165e-05 2.931862e-05 2.900157e-05
18969.0 3.529992e-05 1.034734e-04 4.220341e-05 1.263164e-04 1.248695e-04 1.489499e-04 1.145126e-04 3.283434e-04 5.654945e-04 4.403773e-03 9.992642e-01 5.077728e-02 7.516673e-04 2.146618e-04 1.853960e-04 1.228497e-04 1.030549e-04
19008.8 1.440444e-04 2.174369e-04 1.746628e-04 2.146866e-04 2.417086e-04 2.710594e-04 2.306893e-04 4.416163e-04 7.762355e-04 7.021838e-03 9.950999e-01 2.659072e-02 8.361110e-04 3.253510e-04 3.025640e-04 2.706121e-04 2.628614e-04
19048.7 1.133347e-04 1.464164e-04 1.637755e-04 1.674568e-04 2.218815e-04 2.200604e-04 1.973405e-04 3.997897e-04 8.306513e-04 1.145318e-02 9.934170e-01 1.411044e-02 6.818109e-04 2.828317e-04 2.533484e-04 2.289413e-04 2.554909e-04
19088.6 1.711518e-04 2.046619e-04 2.337335e-04 2.491494e-04 2.864782e-04 2.704502e-04 2.863617e-04 4.835054e-04 9.830227e-04 2.019698e-02 9.957577e-01 8.203862e-03 6.331349e-04 3.200222e-04 3.120218e-04 2.961551e-04 3.372155e-04
19129.5 2.565349e-04 3.100191e-04 3.227353e-04 3.554734e-04 3.529134e-04 3.699384e-04 4.219738e-04 6.102375e-04 1.124943e-03 3.801918e-02 1.003395e+00 5.350712e-03 6.552139e-04 3.680868e-04 3.451209e-04 3.704863e-04 3.587951e-04
19169.3 1.495637e-04 2.121344e-04 1.897527e-04 2.391701e-04 2.119059e-04 2.507774e-04 3.422410e-04 4.943326e-04 1.080479e-03 8.411627e-02 9.875573e-01 3.778527e-03 4.866918e-04 2.192908e-04 2.252541e-04 2.345343e-04 1.589317e-04
19209.1 0.000000e+00 0.000000e+00 0.000000e+00 0.000000e+00 0.000000e+00 9.572466e-06 9.111505e-05 2.329476e-04 1.000213e-03 1.909612e-01 9.005868e-01 2.469933e-03 1.660642e-04 0.000000e+00 4.882672e-06 0.000000e+00 0.000000e+00
19248.9 0.000000e+00 0.000000e+00 0.000000e+00 0.000000e+00 0.000000e+00 0.000000e+00 9.889216e-06 1.600604e-04 1.187965e-03 3.977686e-01 7.111235e-01 1.690419e-03 7.398116e-05 0.000000e+00 0.000000e+00 0.000000e+00 0.000000e+00
19288.7 1.290268e-05 3.629684e-05 2.510585e-05 5.009684e-05 5.031925e-05 1.092745e-04 1.961167e-04 3.805707e-04 1.658690e-03 6.660255e-01 4.691117e-01 1.315627e-03 2.072576e-04 1.065749e-04 1.382300e-04 9.007483e-05 6.626925e-06
19328.5 2.724707e-04 3.149753e-04 3.046111e-04 3.169867e-04 3.576917e-04 3.584993e-04 4.635110e-04 6.900087e-04 2.418001e-03 8.815796e-01 2.570028e-01 1.250223e-03 4.638528e-04 3.623201e-04 4.016651e-04 3.888539e-04 2.788021e-04
19369.3 3.048754e-04 3.311619e-04 3.260300e-04 3.046978e-04 3.437669e-04 3.572180e-04 4.517452e-04 7.074537e-04 3.280047e-03 9.766065e-01 1.215978e-01 1.061626e-03 4.852243e-04 3.534892e-04 3.419051e-04 3.700694e-04 3.260249e-04
19409.0 6.346554e-05 1.115864e-04 8.612337e-05 5.069494e-05 5.830553e-05 1.127961e-04 2.008772e-04 4.539908e-04 4.401065e-03 9.944560e-01 5.588980e-02 6.789619e-04 2.303613e-04 1.016251e-04 5.682345e-05 7.585944e-05 8.192683e-05
19448.8 0.000000e+00 0.000000e+00 0.000000e+00 0.000000e+00 0.000000e+00 1.656797e-05 1.241994e-04 4.036440e-04 6.421039e-03 9.974025e-01 2.894399e-02 4.152251e-04 6.755718e-05 1.402334e-06 0.000000e+00 0.000000e+00 0.000000e+00
19488.5 0.000000e+00 4.845718e-05 3.486664e-05 1.865340e-05 4.953843e-05 9.149347e-05 2.441136e-04 5.633373e-04 1.025308e-02 9.995952e-01 1.574194e-02 4.396555e-04 1.575585e-04 6.563800e-05 7.637663e-05 7.907223e-06 2.218697e-05
19529.2 3.357886e-05 6.751768e-05 5.252916e-05 8.585859e-05 1.253402e-04 1.230049e-04 3.200138e-04 7.016945e-04 1.834449e-02 9.967805e-01 9.129786e-03 4.279905e-04 1.910085e-04 9.793730e-05 1.312213e-04 7.720775e-05 5.686366e-05
19568.9 1.182131e-04 1.708685e-04 1.526533e-04 2.171793e-04 2.301710e-04 2.305909e-04 4.279518e-04 8.885215e-04 3.345533e-02 9.953838e-01 5.965977e-03 4.456198e-04 2.593910e-04 2.184354e-04 2.120536e-04 2.057000e-04 1.482308e-04
19608.6 1.104060e-04 1.448855e-04 1.744554e-04 2.111142e-04 1.891155e-04 2.325620e-04 4.173365e-04 1.008834e-03 6.974710e-02 9.906237e-01 4.141165e-03 3.648500e-04 2.053544e-04 1.969231e-04 1.690747e-04 1.946415e-04 1.489917e-04
19649.3 1.417745e-04 1.280156e-04 2.033807e-04 1.957331e-04 1.889276e-04 2.425115e-04 4.048149e-04 1.152918e-03 1.595176e-01 9.304788e-01 2.901419e-03 3.508455e-04 2.241132e-04 1.709293e-04 1.714155e-04 2.048779e-04 1.594217e-04
19688.9 1.566340e-04 1.433611e-04 1.886895e-04 1.862851e-04 2.138582e-04 2.550654e-04 4.510832e-04 1.388540e-03 3.413652e-01 7.678986e-01 2.205758e-03 3.663375e-04 2.479084e-04 1.911892e-04 1.935295e-04 2.055447e-04 1.656842e-04
19728.5 3.388092e-05 1.281406e-05 6.511508e-06 5.025978e-05 8.299471e-05 1.332389e-04 3.799541e-04 1.573052e-03 6.032662e-01 5.310783e-01 1.554550e-03 2.028990e-04 1.170517e-04 6.981401e-05 3.545347e-05 3.662645e-05 1.607246e-05
19769.2 0.000000e+00 0.000000e+00 0.000000e+00 0.000000e+00 0.000000e+00 4.337455e-05 3.701411e-04 1.960919e-03 8.514436e-01 3.019334e-01 1.014072e-03 1.013067e-04 1.139268e-06 0.000000e+00 0.000000e+00 0.000000e+00 0.000000e+00
19808.7 2.517457e-05 2.645618e-05 2.732041e-05 9.909652e-05 1.452409e-04 1.447955e-04 5.205155e-04 2.736342e-03 9.752713e-01 1.511874e-01 8.195569e-04 2.075225e-04 1.257205e-04 1.091654e-04 1.582378e-05 5.987215e-05 5.955748e-05
19849.3 0.000000e+00 0.000000e+00 0.000000e+00 5.467678e-05 7.607605e-05 8.618490e-05 4.700522e-04 3.746369e-03 1.000258e+00 7.080295e-02 5.658600e-04 1.240098e-04 4.968834e-05 5.278941e-05 0.000000e+00 3.247253e-06 0.000000e+00
19888.9 0.000000e+00 0.000000e+00 0.000000e+00 0.000000e+00 0.000000e+00 0.000000e+00 2.695394e-04 5.008356e-03 9.980522e-01 3.506607e-02 2.212175e-04 0.000000e+00 0.000000e+00 0.000000e+00 0.000000e+00 0.000000e+00 0.000000e+00
19929.5 0.000000e+00 0.000000e+00 0.000000e+00 0.000000e+00 0.000000e+00 9.064391e-05 4.824080e-04 8.354502e-03 9.994873e-01 1.825501e-02 3.509026e-04 6.645224e-05 0.000000e+00 0.000000e+00 0.000000e+00 0.000000e+00 0.000000e+00
19969.0 1.094026e-04 1.707222e-04 1.594536e-04 2.092196e-04 2.716378e-04 3.404601e-04 8.132808e-04 1.496679e-02 9.992240e-01 1.086605e-02 5.894954e-04 3.192541e-04 2.290361e-04 2.186439e-04 1.713279e-04 1.738244e-04 1.734982e-04
20008.5 1.901993e-04 2.789280e-04 2.487793e-04 3.037924e-04 3.510500e-04 4.353830e-04 9.618295e-04 2.617158e-02 9.980965e-01 7.323919e-03 6.272099e-04 3.994610e-04 2.880313e-04 3.039832e-04 2.692444e-04 2.260518e-04 2.548869e-04
20049.1 1.703094e-04 2.227611e-04 2.195937e-04 2.856305e-04 3.129969e-04 4.287365e-04 1.056221e-03 5.290468e-02 1.001116e+00 4.893254e-03 5.180307e-04 3.300901e-04 2.184264e-04 2.651009e-04 2.300748e-04 1.795588e-04 2.102650e-04
20088.5 1.031651e-04 1.107911e-04 1.632596e-04 1.692283e-04 2.414238e-04 3.781131e-04 1.180233e-03 1.127407e-01 9.778145e-01 3.297949e-03 4.302896e-04 2.609421e-04 1.287360e-04 1.790329e-04 1.562656e-04 1.054366e-04 1.412927e-04
20129.0 1.404035e-05 1.695575e-05 6.017031e-05 4.296124e-05 1.494332e-04 2.993895e-04 1.247213e-03 2.435919e-01 8.696505e-01 2.343294e-03 2.976933e-04 1.570429e-04 7.024665e-05 7.243980e-05 4.604853e-05 5.184273e-06 3.836656e-05
20169.5 0.000000e+00 9.946843e-06 2.173075e-05 3.986348e-05 1.224867e-04 2.832218e-04 1.407233e-03 4.781745e-01 6.526128e-01 1.731762e-03 2.357518e-04 1.023411e-04 3.410138e-05 3.318603e-05 0.000000e+00 0.000000e+00 0.000000e+00
20208.9 6.812132e-05 1.257179e-04 1.121863e-04 1.663361e-04 2.404575e-04 3.937621e-04 1.833199e-03 7.433053e-01 4.133669e-01 1.345843e-03 2.985537e-04 1.427692e-04 1.061210e-04 1.361790e-04 6.324384e-05 9.977030e-05 8.695522e-05
20249.4 0.000000e+00 5.968243e-05 5.304227e-05 8.762198e-05 1.657572e-04 3.796180e-04 2.288732e-03 9.314056e-01 2.217288e-01 9.495213e-04 1.859698e-04 5.008813e-05 4.642315e-05 6.704006e-05 3.024640e-05 4.028416e-05 5.840615e-05
20288.8 0.000000e+00 0.000000e+00 0.000000e+00 3.346235e-06 5.959145e-05 3.368607e-04 2.954783e-03 9.952119e-01 1.127761e-01 6.686965e-04 5.493309e-05 0.000000e+00 0.000000e+00 0.000000e+00 0.000000e+00 0.000000e+00 0.000000e+00
20329.2 0.000000e+00 0.000000e+00 0.000000e+00 0.000000e+00 0.000000e+00 2.656467e-04 4.116934e-03 1.001715e+00 5.376150e-02 3.915406e-04 0.000000e+00 0.000000e+00 0.000000e+00 0.000000e+00 0.000000e+00 0.000000e+00 0.000000e+00
20368.6 0.000000e+00 0.000000e+00 0.000000e+00 0.000000e+00 0.000000e+00 4.248624e-04 6.365716e-03 9.980798e-01 2.874927e-02 3.564822e-04 7.121289e-06 0.000000e+00 0.000000e+00 0.000000e+00 0.000000e+00 0.000000e+00 0.000000e+00
20409.0 0.000000e+00 0.000000e+00 0.000000e+00 0.000000e+00 0.000000e+00 4.779712e-04 1.029552e-02 9.967578e-01 1.580462e-02 2.047992e-04 0.000000e+00 0.000000e+00 0.000000e+00 0.000000e+00 0.000000e+00 0.000000e+00 0.000000e+00
20449.3 0.000000e+00 0.000000e+00 0.000000e+00 6.509179e-05 1.320932e-04 6.748349e-04 1.830372e-02 9.981002e-01 9.543353e-03 3.105620e-04 5.704898e-05 0.000000e+00 0.000000e+00 1.646863e-06 3.147484e-06 0.000000e+00 0.000000e+00
20488.7 6.446772e-05 9.851410e-05 8.415026e-05 1.746336e-04 2.747181e-04 8.094146e-04 3.220256e-02 1.000091e+00 6.189899e-03 4.211229e-04 1.731165e-04 4.923493e-05 1.157478e-04 1.119334e-04 1.230723e-04 7.525036e-05 7.747643e-05
20529.0 0.000000e+00 0.000000e+00 0.000000e+00 5.214505e-05 1.767501e-04 8.246796e-04 6.265605e-02 1.000403e+00 4.125327e-03 2.592315e-04 8.805806e-05 0.000000e+00 0.000000e+00 0.000000e+00 0.000000e+00 0.000000e+00 0.000000e+00
20569.3 0.000000e+00 0.000000e+00 0.000000e+00 0.000000e+00 0.000000e+00 7.055442e-04 1.317126e-01 9.636470e-01 2.617384e-03 0.000000e+00 0.000000e+00 0.000000e+00 0.000000e+00 0.000000e+00 0.000000e+00 0.000000e+00 0.000000e+00
20608.6 0.000000e+00 0.000000e+00 0.000000e+00 0.000000e+00 0.000000e+00 8.981140e-04 2.808262e-01 8.363749e-01 1.908568e-03 0.000000e+00 0.000000e+00 0.000000e+00 0.000000e+00 0.000000e+00 0.000000e+00 0.000000e+00 0.000000e+00
20648.8 0.000000e+00 0.000000e+00 0.000000e+00 0.000000e+00 6.559124e-05 1.225968e-03 5.227128e-01 6.165857e-01 1.441365e-03 0.000000e+00 0.000000e+00 0.000000e+00 0.000000e+00 0.000000e+00 0.000000e+00 0.000000e+00 0.000000e+00
20689.1 0.000000e+00 0.000000e+00 0.000000e+00 0.000000e+00 8.910127e-05 1.549289e-03 7.777883e-01 3.861835e-01 9.252613e-04 0.000000e+00 0.000000e+00 0.000000e+00 0.000000e+00 0.000000e+00 0.000000e+00 0.000000e+00 0.000000e+00
20729.4 0.000000e+00 0.000000e+00 0.000000e+00 0.000000e+00 6.650347e-05 1.959164e-03 9.409942e-01 2.115954e-01 5.336959e-04 0.000000e+00 0.000000e+00 0.000000e+00 0.000000e+00 0.000000e+00 0.000000e+00 0.000000e+00 0.000000e+00
20768.6 0.000000e+00 0.000000e+00 0.000000e+00 0.000000e+00 0.000000e+00 2.649631e-03 9.959405e-01 1.085807e-01 3.114989e-04 0.000000e+00 0.000000e+00 0.000000e+00 0.000000e+00 0.000000e+00 0.000000e+00 0.000000e+00 0.000000e+00
20808.8 0.000000e+00 0.000000e+00 0.000000e+00 0.000000e+00 5.776489e-05 4.011631e-03 1.000247e+00 5.477619e-02 1.885680e-04 0.000000e+00 0.000000e+00 0.000000e+00 0.000000e+00 0.000000e+00 0.000000e+00 0.000000e+00 0.000000e+00
20849.0 0.000000e+00 0.000000e+00 0.000000e+00 0.000000e+00 2.837196e-04 6.485936e-03 1.000022e+00 2.918391e-02 2.342982e-04 0.000000e+00 0.000000e+00 0.000000e+00 0.000000e+00 0.000000e+00 0.000000e+00 0.000000e+00 0.000000e+00
20889.2 0.000000e+00 0.000000e+00 0.000000e+00 8.860545e-05 4.792378e-04 1.046435e-02 9.997982e-01 1.597111e-02 3.074137e-04 7.750054e-06 0.000000e+00 0.000000e+00 0.000000e+00 0.000000e+00 0.000000e+00 0.000000e+00 0.000000e+00
20929.3 0.000000e+00 0.000000e+00 0.000000e+00 0.000000e+00 3.173059e-04 1.763383e-02 9.998364e-01 9.303533e-03 3.995697e-05 0.000000e+00 0.000000e+00 0.000000e+00 0.000000e+00 0.000000e+00 0.000000e+00 0.000000e+00 0.000000e+00
20969.5 0.000000e+00 0.000000e+00 0.000000e+00 0.000000e+00 5.488291e-05 3.022193e-02 9.996196e-01 5.617771e-03 0.000000e+00 0.000000e+00 0.000000e+00 0.000000e+00 0.000000e+00 0.000000e+00 0.000000e+00 0.000000e+00 0.000000e+00
21008.6 0.000000e+00 0.000000e+00 0.000000e+00 0.000000e+00 1.967263e-05 5.616396e-02 1.000470e+00 3.865899e-03 0.000000e+00 0.000000e+00 0.000000e+00 0.000000e+00 0.000000e+00 0.000000e+00 0.000000e+00 0.000000e+00 0.000000e+00
21048.7 0.000000e+00 0.000000e+00 0.000000e+00 0.000000e+00 1.288074e-04 1.174644e-01 9.760818e-01 2.373939e-03 0.000000e+00 0.000000e+00 0.000000e+00 0.000000e+00 0.000000e+00 0.000000e+00 0.000000e+00 0.000000e+00 0.000000e+00
21088.8 0.000000e+00 0.000000e+00 0.000000e+00 0.000000e+00 2.339430e-04 2.453178e-01 8.763234e-01 1.283136e-03 0.000000e+00 0.000000e+00 0.000000e+00 0.000000e+00 0.000000e+00 0.000000e+00 0.000000e+00 0.000000e+00 0.000000e+00
21128.9 0.000000e+00 0.000000e+00 0.000000e+00 0.000000e+00 7.105882e-04 4.647886e-01 6.799373e-01 9.677412e-04 0.000000e+00 0.000000e+00 0.000000e+00 0.000000e+00 0.000000e+00 0.000000e+00 0.000000e+00 0.000000e+00 0.000000e+00
21168.9 0.000000e+00 0.000000e+00 0.000000e+00 1.964309e-04 1.465497e-03 7.230385e-01 4.494110e-01 1.106454e-03 0.000000e+00 0.000000e+00 0.000000e+00 0.000000e+00 0.000000e+00 0.000000e+00 0.000000e+00 0.000000e+00 0.000000e+00
21209.0 9.989066e-05 1.354315e-04 1.791462e-04 5.125386e-04 2.234767e-03 9.133329e-01 2.580916e-01 1.150985e-03 2.517244e-04 9.747206e-05 6.085261e-05 5.948454e-05 5.445840e-05 3.709302e-05 7.329543e-05 5.049731e-05 4.728564e-05
21249.0 0.000000e+00 4.215287e-05 1.053447e-04 4.472119e-04 2.844213e-03 9.883319e-01 1.360776e-01 7.639354e-04 1.522019e-04 2.071963e-05 0.000000e+00 0.000000e+00 0.000000e+00 0.000000e+00 0.000000e+00 0.000000e+00 0.000000e+00
21289.0 0.000000e+00 0.000000e+00 2.796267e-05 4.078479e-04 3.967444e-03 1.000646e+00 6.845717e-02 5.325792e-04 4.828361e-05 0.000000e+00 0.000000e+00 0.000000e+00 0.000000e+00 0.000000e+00 0.000000e+00 0.000000e+00 0.000000e+00
21329.0 9.329195e-05 1.421915e-04 2.006960e-04 6.323029e-04 5.670476e-03 9.998462e-01 3.692261e-02 5.421770e-04 1.766237e-04 8.210744e-05 7.497141e-05 1.297296e-04 0.000000e+00 4.484319e-05 0.000000e+00 1.649405e-05 1.871884e-05
21369.0 2.977158e-04 3.314303e-04 4.318717e-04 9.523956e-04 8.803441e-03 9.996432e-01 2.166900e-02 6.050602e-04 3.569284e-04 2.957445e-04 3.085371e-04 3.493722e-04 2.527087e-04 2.752795e-04 2.636409e-04 2.624259e-04 2.614071e-04
21408.9 2.791123e-04 3.085395e-04 4.540332e-04 1.050032e-03 1.446212e-02 9.991774e-01 1.330378e-02 5.718858e-04 3.220108e-04 2.674571e-04 2.952829e-04 3.010028e-04 2.293753e-04 2.487441e-04 2.487148e-04 2.477283e-04 2.795044e-04
21448.8 1.513285e-04 1.994498e-04 3.227157e-04 1.028713e-03 2.491834e-02 1.000085e+00 8.219487e-03 4.456963e-04 2.175269e-04 1.444251e-04 1.503342e-04 1.607434e-04 9.329713e-05 1.052751e-04 1.127669e-04 1.050955e-04 1.744510e-04
21488.8 1.558580e-04 2.478520e-04 3.678019e-04 1.111356e-03 4.360909e-02 1.001268e+00 5.525505e-03 4.066350e-04 2.505373e-04 1.855387e-04 1.561081e-04 1.920660e-04 1.063722e-04 1.165957e-04 1.415112e-04 9.413068e-05 1.763120e-04
21528.7 2.670213e-04 3.500012e-04 5.148997e-04 1.258654e-03 8.485396e-02 9.939910e-01 4.123015e-03 4.531255e-04 3.485780e-04 3.050013e-04 2.864170e-04 3.340122e-04 2.682643e-04 2.663117e-04 2.871861e-04 2.338105e-04 2.649425e-04
21568.6 1.231859e-04 1.889809e-04 3.878626e-04 1.182388e-03 1.681669e-01 9.419631e-01 2.918442e-03 3.320874e-04 1.478058e-04 9.625293e-05 1.621774e-04 1.527758e-04 1.323536e-04 1.610876e-04 1.137817e-04 1.068636e-04 5.367817e-05
21609.5 0.000000e+00 0.000000e+00 2.198122e-04 1.198786e-03 3.384941e-01 7.956073e-01 2.039745e-03 1.312102e-04 0.000000e+00 0.000000e+00 0.000000e+00 0.000000e+00 0.000000e+00 0.000000e+00 0.000000e+00 0.000000e+00 0.000000e+00
21649.3 0.000000e+00 0.000000e+00 2.256353e-04 1.445239e-03 5.815877e-01 5.770441e-01 1.514083e-03 3.827419e-05 0.000000e+00 0.000000e+00 0.000000e+00 0.000000e+00 0.000000e+00 0.000000e+00 0.000000e+00 0.000000e+00 0.000000e+00
21689.1 0.000000e+00 0.000000e+00 3.159888e-04 1.872221e-03 8.199494e-01 3.601516e-01 1.186093e-03 6.199824e-05 0.000000e+00 0.000000e+00 0.000000e+00 0.000000e+00 0.000000e+00 0.000000e+00 0.000000e+00 0.000000e+00 0.000000e+00
21729.0 0.000000e+00 0.000000e+00 2.454664e-04 2.286867e-03 9.566641e-01 2.026192e-01 8.040728e-04 0.000000e+00 0.000000e+00 0.000000e+00 0.000000e+00 0.000000e+00 0.000000e+00 0.000000e+00 0.000000e+00 0.000000e+00 0.000000e+00
21768.8 0.000000e+00 1.033908e-04 5.001856e-04 3.310299e-03 9.981512e-01 1.073407e-01 7.880301e-04 7.334153e-05 0.000000e+00 0.000000e+00 0.000000e+00 0.000000e+00 0.000000e+00 0.000000e+00 0.000000e+00 0.000000e+00 0.000000e+00
21808.5 5.026560e-05 1.519842e-04 6.470531e-04 4.519003e-03 9.994044e-01 5.645728e-02 6.163644e-04 1.108556e-04 6.251214e-05 1.778676e-05 5.681404e-05 0.000000e+00 0.000000e+00 0.000000e+00 0.000000e+00 3.993063e-05 3.216802e-05
21849.3 8.058313e-05 2.101866e-04 7.408994e-04 6.800679e-03 9.982558e-01 3.121869e-02 5.158576e-04 1.568725e-04 1.355157e-04 8.578263e-05 3.241141e-05 2.076920e-05 3.400969e-06 4.373779e-05 6.140388e-05 6.580043e-05 5.907710e-05
21889.0 0.000000e+00 8.312394e-05 6.338174e-04 1.057984e-02 9.986310e-01 1.747337e-02 3.732703e-04 0.000000e+00 0.000000e+00 0.000000e+00 0.000000e+00 0.000000e+00 0.000000e+00 0.000000e+00 0.000000e+00 0.000000e+00 0.000000e+00
21928.8 6.149331e-05 1.775921e-04 6.372428e-04 1.729148e-02 9.989020e-01 1.041235e-02 3.847640e-04 5.055254e-05 3.254850e-05 0.000000e+00 0.000000e+00 0.000000e+00 0.000000e+00 0.000000e+00 0.000000e+00 0.000000e+00 0.000000e+00
21969.5 0.000000e+00 1.993013e-04 6.534388e-04 3.013950e-02 9.992856e-01 6.946882e-03 2.458655e-04 5.932764e-05 0.000000e+00 0.000000e+00 0.000000e+00 0.000000e+00 0.000000e+00 0.000000e+00 0.000000e+00 0.000000e+00 0.000000e+00
22009.2 0.000000e+00 1.539247e-04 7.611594e-04 5.369752e-02 1.001887e+00 5.212855e-03 1.394827e-04 0.000000e+00 0.000000e+00 0.000000e+00 0.000000e+00 0.000000e+00 0.000000e+00 0.000000e+00 0.000000e+00 0.000000e+00 0.000000e+00
22048.8 0.000000e+00 1.336326e-05 8.435668e-04 1.047330e-01 9.903933e-01 3.432458e-03 2.134996e-05 0.000000e+00 0.000000e+00 0.000000e+00 0.000000e+00 0.000000e+00 0.000000e+00 0.000000e+00 0.000000e+00 0.000000e+00 0.000000e+00
22088.5 0.000000e+00 1.255193e-04 9.356168e-04 2.064225e-01 9.194097e-01 2.446800e-03 2.835644e-05 0.000000e+00 0.000000e+00 0.000000e+00 0.000000e+00 0.000000e+00 0.000000e+00 0.000000e+00 0.000000e+00 0.000000e+00 0.000000e+00
22129.1 1.120418e-05 2.964746e-04 1.110666e-03 3.981569e-01 7.502879e-01 1.841721e-03 6.115390e-05 3.825368e-06 0.000000e+00 0.000000e+00 0.000000e+00 0.000000e+00 0.000000e+00 0.000000e+00 0.000000e+00 0.000000e+00 0.000000e+00
22168.8 1.508410e-04 5.159732e-04 1.589588e-03 6.470948e-01 5.259030e-01 1.541039e-03 1.977553e-04 2.063717e-04 1.048161e-04 9.066346e-05 3.132687e-05 7.911032e-05 0.000000e+00 0.000000e+00 0.000000e+00 0.000000e+00 3.368885e-05
22209.4 2.809629e-04 6.773813e-04 2.292704e-03 8.713395e-01 3.154412e-01 1.254153e-03 3.175902e-04 3.661975e-04 2.463249e-04 2.293297e-04 2.187144e-04 2.294185e-04 1.895340e-04 1.786729e-04 7.703790e-05 1.372226e-04 1.662680e-04
22249.0 1.740181e-04 6.168338e-04 2.868198e-03 9.770447e-01 1.757603e-01 9.529877e-04 1.847764e-04 2.719775e-04 1.426964e-04 1.135830e-04 1.974622e-04 1.343485e-04 1.360252e-04 8.551201e-05 3.329318e-06 4.160229e-05 7.728452e-05
22288.5 0.000000e+00 4.713242e-04 3.544381e-03 9.999524e-01 9.326672e-02 6.754157e-04 0.000000e+00 1.230723e-05 0.000000e+00 0.000000e+00 0.000000e+00 0.000000e+00 0.000000e+00 0.000000e+00 0.000000e+00 0.000000e+00 0.000000e+00
22329.1 5.501999e-05 5.912094e-04 4.863594e-03 9.994032e-01 4.850309e-02 6.564289e-04 1.290051e-06 6.155072e-05 0.000000e+00 0.000000e+00 0.000000e+00 0.000000e+00 3.289581e-06 0.000000e+00 0.000000e+00 0.000000e+00 0.000000e+00
22368.6 2.805235e-04 8.904697e-04 7.386302e-03 9.992675e-01 2.810187e-02 7.761732e-04 3.228732e-04 3.399190e-04 2.072704e-04 1.740453e-04 1.677842e-04 1.919003e-04 2.069082e-04 1.355645e-04 1.715310e-04 8.125058e-05 1.233279e-04
22409.1 4.004774e-04 1.069397e-03 1.185083e-02 9.984320e-01 1.673071e-02 7.738441e-04 4.882701e-04 4.623563e-04 3.657040e-04 2.863247e-04 2.710056e-04 3.206452e-04 2.457378e-04 2.269832e-04 3.194445e-04 2.237933e-04 2.713889e-04
22448.6 4.047522e-04 1.132331e-03 1.930857e-02 9.990533e-01 1.000154e-02 6.729141e-04 4.223372e-04 3.850000e-04 2.798594e-04 2.191756e-04 2.207374e-04 2.625598e-04 2.011495e-04 2.302577e-04 2.390443e-04 2.223274e-04 2.697254e-04
22489.1 4.143134e-04 1.144333e-03 3.333117e-02 9.995601e-01 6.334561e-03 5.796274e-04 3.843057e-04 3.391981e-04 2.472582e-04 1.355183e-04 1.838637e-04 2.340750e-04 1.799096e-04 2.530869e-04 2.113625e-04 1.894056e-04 2.546664e-04
22528.5 5.183715e-04 1.273210e-03 5.805629e-02 9.998637e-01 4.665331e-03 5.580600e-04 3.407280e-04 4.034398e-04 3.034603e-04 2.040669e-04 2.523405e-04 2.972133e-04 2.369940e-04 2.706456e-04 2.680488e-04 1.983286e-04 2.744191e-04
22568.9 5.233555e-04 1.253905e-03 1.129898e-01 9.834461e-01 3.406203e-03 4.377636e-04 2.173421e-04 3.398994e-04 1.975945e-04 1.615298e-04 2.226488e-04 1.964790e-04 1.769906e-04 1.836599e-04 2.363088e-04 1.356295e-04 1.643286e-04
22609.3 4.820845e-04 1.248705e-03 2.283510e-01 9.022329e-01 2.610319e-03 3.145205e-04 9.617664e-05 2.144247e-04 8.851901e-05 8.026804e-05 1.890901e-04 6.785968e-05 9.677925e-05 8.038810e-05 1.459592e-04 4.857159e-05 5.523732e-05
22648.8 4.704749e-04 1.349384e-03 4.135981e-01 7.365545e-01 1.882438e-03 2.123344e-04 5.668527e-05 1.195516e-04 9.573102e-05 1.915781e-06 1.325616e-04 0.000000e+00 2.688786e-05 4.752889e-06 3.944510e-05 0.000000e+00 0.000000e+00
22689.1 4.503445e-04 1.504271e-03 6.563353e-01 5.130463e-01 1.406023e-03 1.269296e-04 0.000000e+00 2.448516e-05 0.000000e+00 0.000000e+00 4.035634e-07 0.000000e+00 0.000000e+00 0.000000e+00 0.000000e+00 0.000000e+00 0.000000e+00
22729.5 3.985410e-04 1.884151e-03 8.691101e-01 3.075510e-01 1.030672e-03 2.031387e-05 0.000000e+00 0.000000e+00 0.000000e+00 0.000000e+00 0.000000e+00 0.000000e+00 0.000000e+00 0.000000e+00 0.000000e+00 0.000000e+00 0.000000e+00
22768.8 4.007757e-04 2.441732e-03 9.760477e-01 1.693116e-01 7.929152e-04 0.000000e+00 0.000000e+00 0.000000e+00 0.000000e+00 0.000000e+00 0.000000e+00 0.000000e+00 0.000000e+00 0.000000e+00 0.000000e+00 0.000000e+00 0.000000e+00
22809.1 5.548214e-04 3.474424e-03 9.986881e-01 9.164099e-02 7.490237e-04 0.000000e+00 0.000000e+00 8.584391e-05 3.137464e-05 0.000000e+00 0.000000e+00 0.000000e+00 0.000000e+00 0.000000e+00 0.000000e+00 0.000000e+00 0.000000e+00
22849.4 7.386391e-04 4.721000e-03 9.988268e-01 5.045562e-02 7.418497e-04 7.018890e-05 8.438184e-05 1.142865e-04 1.006560e-04 4.177908e-05 0.000000e+00 0.000000e+00 0.000000e+00 0.000000e+00 0.000000e+00 0.000000e+00 0.000000e+00
22888.7 9.130301e-04 7.185967e-03 9.975933e-01 2.896569e-02 6.949524e-04 1.638168e-04 1.609690e-04 1.668074e-04 1.724844e-04 1.269953e-04 4.372451e-05 0.000000e+00 7.610943e-06 0.000000e+00 0.000000e+00 0.000000e+00 1.091005e-05
22929.0 1.055753e-03 1.206437e-02 9.959526e-01 1.715501e-02 6.803116e-04 2.392428e-04 2.275902e-04 2.401600e-04 2.128782e-04 1.768772e-04 1.872008e-04 1.277320e-04 1.404906e-04 7.823279e-05 2.260939e-05 2.719816e-05 1.320099e-04
22969.2 1.204568e-03 1.990353e-02 9.977681e-01 1.047067e-02 7.392833e-04 3.434640e-04 3.900548e-04 3.694599e-04 2.723419e-04 3.081401e-04 3.310413e-04 3.732580e-04 3.601171e-04 3.423838e-04 2.124575e-04 2.737453e-04 3.288880e-04
23009.5 1.359642e-03 3.328976e-02 1.000475e+00 7.140477e-03 7.675574e-04 4.173028e-04 4.579456e-04 4.500195e-04 2.818970e-04 3.517849e-04 3.617213e-04 4.575496e-04 4.379902e-04 4.300383e-04 3.807647e-04 4.264051e-04 4.217841e-04
23048.6 1.453324e-03 5.922874e-02 9.981499e-01 5.352598e-03 7.259924e-04 4.597091e-04 4.586285e-04 4.612397e-04 2.876711e-04 3.337921e-04 3.189440e-04 3.977977e-04 4.141262e-04 3.661808e-04 4.022629e-04 4.330002e-04 4.128536e-04
23088.8 1.680374e-03 1.089518e-01 9.854134e-01 3.910481e-03 8.376177e-04 5.577087e-04 5.615625e-04 6.132257e-04 4.813772e-04 5.126738e-04 4.289162e-04 5.212794e-04 5.608169e-04 5.067655e-04 5.450035e-04 5.625656e-04 5.619824e-04
23129.0 1.712192e-03 2.109224e-01 9.181245e-01 2.873409e-03 5.977574e-04 3.616420e-04 4.395762e-04 4.781138e-04 3.515260e-04 3.950408e-04 2.857032e-04 4.156012e-04 3.864363e-04 3.689962e-04 3.555485e-04 4.212720e-04 3.998091e-04
23169.1 1.687815e-03 3.953478e-01 7.582706e-01 2.199118e-03 2.388291e-04 1.298201e-04 2.103230e-04 2.184353e-04 9.574701e-05 1.512203e-04 3.400303e-05 1.504830e-04 8.418140e-05 6.342796e-05 7.338460e-05 1.547691e-04 1.000645e-04
23209.2 1.731029e-03 6.323230e-01 5.429336e-01 1.843302e-03 3.048711e-05 0.000000e+00 3.248441e-05 7.545257e-05 0.000000e+00 0.000000e+00 0.000000e+00 0.000000e+00 0.000000e+00 0.000000e+00 0.000000e+00 0.000000e+00 0.000000e+00
23249.4 2.030751e-03 8.449032e-01 3.421390e-01 1.513074e-03 7.853038e-05 3.128689e-06 6.206883e-05 1.603552e-04 0.000000e+00 0.000000e+00 0.000000e+00 0.000000e+00 0.000000e+00 0.000000e+00 0.000000e+00 0.000000e+00 0.000000e+00
23289.5 2.558461e-03 9.657442e-01 1.927830e-01 1.015010e-03 0.000000e+00 0.000000e+00 0.000000e+00 0.000000e+00 0.000000e+00 0.000000e+00 0.000000e+00 0.000000e+00 0.000000e+00 0.000000e+00 0.000000e+00 0.000000e+00 0.000000e+00
23329.5 3.521458e-03 1.000379e+00 1.019981e-01 8.984074e-04 6.516060e-05 2.235333e-05 0.000000e+00 7.437531e-05 0.000000e+00 0.000000e+00 0.000000e+00 0.000000e+00 0.000000e+00 0.000000e+00 0.000000e+00 0.000000e+00 0.000000e+00
23368.5 4.943948e-03 9.976625e-01 5.927343e-02 9.229311e-04 2.156930e-04 1.912910e-04 1.177357e-04 2.673425e-04 2.519943e-05 7.914127e-05 0.000000e+00 8.741391e-05 1.158131e-04 0.000000e+00 4.581878e-05 4.100706e-05 1.098004e-04
23408.6 7.612876e-03 9.978188e-01 3.480597e-02 8.263856e-04 2.947445e-04 3.019525e-04 2.987015e-04 4.477815e-04 1.339874e-04 2.154705e-04 1.418153e-04 1.766341e-04 2.169458e-04 1.349735e-04 1.282725e-04 9.559894e-05 3.106467e-04
23448.6 1.203889e-02 9.988714e-01 2.017696e-02 6.907483e-04 2.294689e-04 2.104310e-04 2.234083e-04 3.678073e-04 7.411400e-05 1.914853e-04 3.399405e-05 1.298739e-04 1.312860e-04 8.506538e-05 2.655603e-05 1.645289e-05 2.652921e-04
23488.5 1.982423e-02 9.989001e-01 1.265820e-02 7.618057e-04 3.297976e-04 3.485056e-04 2.702449e-04 5.203896e-04 1.815740e-04 3.334236e-04 1.116493e-04 2.813827e-04 3.484299e-04 2.496954e-04 1.895498e-04 1.252813e-04 3.949110e-04
23528.5 3.321849e-02 9.995594e-01 7.827805e-03 4.092591e-04 1.055397e-04 1.677502e-04 2.512484e-05 2.761959e-04 9.736665e-06 1.005421e-04 0.000000e+00 5.792851e-05 9.898608e-05 0.000000e+00 0.000000e+00 0.000000e+00 7.931639e-05
23569.5 5.710009e-02 9.994757e-01 5.007195e-03 0.000000e+00 0.000000e+00 0.000000e+00 0.000000e+00 0.000000e+00 0.000000e+00 0.000000e+00 0.000000e+00 0.000000e+00 0.000000e+00 0.000000e+00 0.000000e+00 0.000000e+00 0.000000e+00
23609.4 1.050715e-01 9.972823e-01 3.400196e-03 0.000000e+00 0.000000e+00 0.000000e+00 0.000000e+00 0.000000e+00 0.000000e+00 0.000000e+00 0.000000e+00 0.000000e+00 0.000000e+00 0.000000e+00 0.000000e+00 0.000000e+00 0.000000e+00
23649.3 2.038705e-01 9.654219e-01 2.205965e-03 0.000000e+00 0.000000e+00 0.000000e+00 0.000000e+00 0.000000e+00 0.000000e+00 0.000000e+00 0.000000e+00 0.000000e+00 0.000000e+00 0.000000e+00 0.000000e+00 0.000000e+00 0.000000e+00
23689.2 3.689073e-01 8.612342e-01 1.396521e-03 0.000000e+00 0.000000e+00 0.000000e+00 0.000000e+00 0.000000e+00 0.000000e+00 0.000000e+00 0.000000e+00 0.000000e+00 0.000000e+00 0.000000e+00 0.000000e+00 0.000000e+00 0.000000e+00
23729.0 5.945450e-01 6.688413e-01 9.288967e-04 0.000000e+00 0.000000e+00 0.000000e+00 0.000000e+00 0.000000e+00 0.000000e+00 0.000000e+00 0.000000e+00 0.000000e+00 0.000000e+00 0.000000e+00 0.000000e+00 0.000000e+00 0.000000e+00
23768.9 8.200646e-01 4.480782e-01 9.236104e-04 0.000000e+00 0.000000e+00 0.000000e+00 0.000000e+00 0.000000e+00 0.000000e+00 0.000000e+00 0.000000e+00 0.000000e+00 0.000000e+00 0.000000e+00 0.000000e+00 0.000000e+00 0.000000e+00
23808.7 9.594635e-01 2.690723e-01 1.057972e-03 1.532117e-05 0.000000e+00 0.000000e+00 0.000000e+00 0.000000e+00 0.000000e+00 0.000000e+00 0.000000e+00 0.000000e+00 0.000000e+00 0.000000e+00 0.000000e+00 0.000000e+00 0.000000e+00
23849.5 9.994562e-01 1.525036e-01 1.091224e-03 2.059874e-04 5.644569e-05 0.000000e+00 0.000000e+00 2.018951e-04 0.000000e+00 0.000000e+00 0.000000e+00 0.000000e+00 0.000000e+00 3.359117e-06 0.000000e+00 0.000000e+00 0.000000e+00
23889.2 9.999990e-01 8.425557e-02 7.841643e-04 1.117057e-04 2.227318e-05 0.000000e+00 0.000000e+00 1.384602e-04 0.000000e+00 0.000000e+00 0.000000e+00 0.000000e+00 0.000000e+00 0.000000e+00 0.000000e+00 0.000000e+00 0.000000e+00
23929.0 1.000595e+00 4.727384e-02 3.685334e-04 0.000000e+00 0.000000e+00 0.000000e+00 0.000000e+00 0.000000e+00 0.000000e+00 0.000000e+00 0.000000e+00 0.000000e+00 0.000000e+00 0.000000e+00 0.000000e+00 0.000000e+00 0.000000e+00
23968.7 9.993223e-01 2.954566e-02 3.203413e-04 0.000000e+00 0.000000e+00 0.000000e+00 0.000000e+00 0.000000e+00 0.000000e+00 0.000000e+00 0.000000e+00 0.000000e+00 0.000000e+00 0.000000e+00 0.000000e+00 0.000000e+00 0.000000e+00
24009.4 9.967706e-01 1.852562e-02 4.387067e-04 0.000000e+00 0.000000e+00 0.000000e+00 0.000000e+00 6.252976e-05 0.000000e+00 0.000000e+00 0.000000e+00 0.000000e+00 0.000000e+00 0.000000e+00 4.325749e-05 0.000000e+00 0.000000e+00
24049.1 9.931684e-01 1.078421e-02 4.817520e-04 5.683455e-05 8.123848e-05 0.000000e+00 0.000000e+00 2.431433e-04 0.000000e+00 0.000000e+00 0.000000e+00 0.000000e+00 0.000000e+00 0.000000e+00 1.467892e-04 0.000000e+00 0.000000e+00
24088.8 9.876126e-01 6.669295e-03 3.260804e-04 1.520963e-05 0.000000e+00 0.000000e+00 0.000000e+00 1.880411e-04 0.000000e+00 0.000000e+00 0.000000e+00 0.000000e+00 0.000000e+00 0.000000e+00 5.680737e-05 0.000000e+00 0.000000e+00
24129.5 9.782932e-01 5.082341e-03 1.241806e-04 0.000000e+00 0.000000e+00 0.000000e+00 0.000000e+00 0.000000e+00 0.000000e+00 0.000000e+00 0.000000e+00 0.000000e+00 0.000000e+00 0.000000e+00 0.000000e+00 0.000000e+00 0.000000e+00
24169.1 9.658175e-01 3.925863e-03 3.503011e-04 0.000000e+00 0.000000e+00 0.000000e+00 0.000000e+00 1.443129e-04 0.000000e+00 0.000000e+00 0.000000e+00 0.000000e+00 0.000000e+00 0.000000e+00 0.000000e+00 0.000000e+00 0.000000e+00
24208.7 9.184211e-01 3.952926e-03 1.060389e-03 9.188343e-04 7.549707e-04 6.822824e-04 7.538294e-04 1.101649e-03 9.515401e-04 7.193457e-04 6.259350e-04 8.077279e-04 5.669582e-04 8.365019e-04 8.164940e-04 5.900377e-04 8.183390e-04
24249.3 7.794766e-01 3.157635e-03 5.694823e-04 6.795451e-04 4.929378e-04 4.027270e-04 4.960154e-04 8.424605e-04 6.467363e-04 5.059932e-04 2.315201e-04 5.347715e-04 1.285967e-04 3.296085e-04 3.400296e-04 1.945504e-04 5.296334e-04
24288.8 5.786774e-01 2.341862e-03 0.000000e+00 2.702349e-04 2.442807e-04 0.000000e+00 1.163931e-04 6.448680e-04 1.179118e-04 6.549912e-05 0.000000e+00 0.000000e+00 0.000000e+00 0.000000e+00 0.000000e+00 0.000000e+00 2.177754e-04
24329.4 3.517994e-01 1.791459e-03 0.000000e+00 2.894483e-04 3.797946e-04 0.000000e+00 3.627448e-04 6.205437e-04 2.445645e-04 0.000000e+00 0.000000e+00 0.000000e+00 0.000000e+00 0.000000e+00 0.000000e+00 0.000000e+00 0.000000e+00
24368.9 1.680157e-01 3.560285e-04 0.000000e+00 0.000000e+00 0.000000e+00 0.000000e+00 0.000000e+00 0.000000e+00 0.000000e+00 0.000000e+00 0.000000e+00 0.000000e+00 0.000000e+00 0.000000e+00 0.000000e+00 0.000000e+00 0.000000e+00
24409.4 5.554582e-02 0.000000e+00 0.000000e+00 0.000000e+00 0.000000e+00 0.000000e+00 0.000000e+00 0.000000e+00 0.000000e+00 0.000000e+00 0.000000e+00 0.000000e+00 0.000000e+00 0.000000e+00 0.000000e+00 0.000000e+00 0.000000e+00
24448.9 2.263793e-02 0.000000e+00 0.000000e+00 0.000000e+00 0.000000e+00 0.000000e+00 0.000000e+00 0.000000e+00 0.000000e+00 0.000000e+00 0.000000e+00 0.000000e+00 0.000000e+00 0.000000e+00 0.000000e+00 0.000000e+00 0.000000e+00
24489.3 9.656336e-03 5.594889e-04 4.963088e-04 3.465124e-04 5.552090e-05 1.929466e-04 2.515873e-04 4.432471e-04 0.000000e+00 0.000000e+00 0.000000e+00 0.000000e+00 0.000000e+00 0.000000e+00 0.000000e+00 0.000000e+00 0.000000e+00
24528.7 3.020547e-03 9.889498e-04 1.009028e-03 3.103163e-04 4.551609e-04 4.735224e-04 7.268335e-04 6.413411e-04 3.948085e-04 2.402006e-04 0.000000e+00 0.000000e+00 0.000000e+00 0.000000e+00 0.000000e+00 0.000000e+00 0.000000e+00
24569.1 2.051420e-03 8.254474e-04 7.545549e-04 0.000000e+00 4.670331e-04 3.522311e-04 6.989785e-04 8.624715e-04 6.640632e-04 3.574322e-04 9.824789e-05 8.866076e-05 1.108852e-04 0.000000e+00 2.163979e-04 2.403415e-04 0.000000e+00
24608.5 3.253955e-03 9.798799e-04 4.930023e-04 3.178051e-04 6.449371e-04 4.032992e-04 8.849191e-04 1.284393e-03 9.909771e-04 6.624972e-04 5.531203e-04 6.010710e-04 4.615563e-04 0.000000e+00 6.947715e-04 7.854864e-04 2.132124e-04
24648.9 1.965907e-03 4.477323e-04 0.000000e+00 2.293102e-05 7.766343e-05 0.000000e+00 1.616901e-04 6.549588e-04 1.276018e-04 0.000000e+00 0.000000e+00 2.851396e-04 0.000000e+00 0.000000e+00 0.000000e+00 4.507461e-05 0.000000e+00
24689.2 1.136686e-03 9.467363e-05 0.000000e+00 0.000000e+00 0.000000e+00 0.000000e+00 0.000000e+00 6.247631e-04 7.878178e-05 0.000000e+00 0.000000e+00 0.000000e+00 0.000000e+00 0.000000e+00 0.000000e+00 0.000000e+00 0.000000e+00
24728.6 2.386721e-03 1.144768e-03 9.738309e-04 1.112079e-03 1.233498e-03 1.074590e-03 1.203090e-03 1.939062e-03 9.612345e-04 6.387545e-04 6.835748e-04 6.786039e-04 5.262967e-04 7.711250e-04 4.245747e-04 8.410509e-04 5.265122e-04
24768.9 4.275501e-03 2.501192e-03 2.175010e-03 2.395089e-03 2.901658e-03 2.256470e-03 2.615723e-03 3.396109e-03 1.813314e-03 1.655441e-03 1.686902e-03 1.684808e-03 1.938027e-03 1.883503e-03 1.977340e-03 2.319100e-03 2.088223e-03
24809.1 2.940804e-03 1.616506e-03 9.993613e-04 1.131048e-03 1.517493e-03 8.620823e-04 1.187263e-03 2.384458e-03 6.757039e-04 5.292495e-04 5.380372e-04 5.100568e-04 8.686679e-04 5.884069e-04 8.730948e-04 1.398297e-03 1.212264e-03
24849.4 2.917424e-03 2.495544e-03 1.193319e-03 1.353428e-03 1.757021e-03 1.446341e-03 1.379527e-03 2.956387e-03 1.459392e-03 1.311307e-03 1.284957e-03 1.027181e-03 1.731287e-03 1.374743e-03 1.648932e-03 1.827547e-03 1.597557e-03
24888.6 4.245831e-03 3.940719e-03 2.277568e-03 2.830324e-03 3.375043e-03 3.102407e-03 3.303573e-03 4.372680e-03 2.729417e-03 2.816290e-03 2.751916e-03 2.526220e-03 3.457702e-03 2.995364e-03 3.355625e-03 3.060999e-03 3.213145e-03
24928.8 3.088831e-03 2.711900e-03 1.593926e-03 2.335609e-03 2.778519e-03 2.223554e-03 2.894254e-03 3.468670e-03 1.617592e-03 1.757198e-03 1.952071e-03 2.021430e-03 2.287453e-03 1.912612e-03 2.288562e-03 2.130680e-03 2.344996e-03
24969.0 0.000000e+00 0.000000e+00 0.000000e+00 3.756709e-05 1.409394e-04 0.000000e+00 1.795405e-04 8.318677e-04 0.000000e+00 0.000000e+00 0.000000e+00 0.000000e+00 0.000000e+00 0.000000e+00 0.000000e+00 0.000000e+00 0.000000e+00
25009.2 0.000000e+00 1.158921e-05 9.284105e-05 2.640097e-04 1.027609e-04 0.000000e+00 0.000000e+00 4.648075e-04 0.000000e+00 0.000000e+00 0.000000e+00 0.000000e+00 0.000000e+00 0.000000e+00 0.000000e+00 0.000000e+00 0.000000e+00
25049.3 1.864886e-04 3.538827e-04 3.838520e-04 6.723128e-04 3.674301e-04 0.000000e+00 2.789794e-04 7.375521e-04 3.001499e-05 0.000000e+00 0.000000e+00 0.000000e+00 0.000000e+00 0.000000e+00 0.000000e+00 0.000000e+00 1.430121e-04
25089.4 0.000000e+00 0.000000e+00 1.134362e-04 2.840095e-04 1.288288e-06 0.000000e+00 1.220034e-04 6.098993e-04 0.000000e+00 0.000000e+00 0.000000e+00 0.000000e+00 0.000000e+00 0.000000e+00 0.000000e+00 0.000000e+00 0.000000e+00
25129.5 4.570908e-04 8.566696e-04 7.695733e-04 1.126966e-03 9.406849e-04 3.543911e-04 1.355905e-03 1.685722e-03 9.190151e-04 5.931559e-04 7.248943e-04 4.517287e-04 5.585333e-04 8.107979e-04 7.912889e-04 9.146861e-04 7.151777e-04
25168.6 1.795650e-03 2.489685e-03 2.222773e-03 2.777912e-03 2.409165e-03 2.022991e-03 3.186171e-03 3.069129e-03 2.252413e-03 2.391965e-03 2.394789e-03 2.345728e-03 2.352073e-03 2.666498e-03 2.393751e-03 2.455808e-03 2.045366e-03
25208.6 2.067717e-03 2.498549e-03 2.449950e-03 2.751014e-03 2.221584e-03 2.162107e-03 3.081369e-03 3.184350e-03 1.941849e-03 2.276484e-03 2.460734e-03 2.211727e-03 2.302779e-03 2.398886e-03 2.327134e-03 2.385407e-03 2.060038e-03
25248.6 7.748756e-04 1.135718e-03 1.247744e-03 1.291122e-03 9.129916e-04 8.187239e-04 1.116273e-03 2.093583e-03 7.628651e-04 9.257001e-04 1.034416e-03 4.883557e-04 7.141628e-04 8.210008e-04 1.012606e-03 1.262018e-03 8.475038e-04
25288.6 1.291464e-03 1.724800e-03 1.254663e-03 1.698417e-03 1.758214e-03 1.306610e-03 1.433307e-03 2.651080e-03 1.594124e-03 1.744410e-03 1.633402e-03 1.188067e-03 1.447817e-03 1.941585e-03 1.925635e-03 1.897709e-03 1.524612e-03
25328.6 1.943461e-03 2.096586e-03 1.473370e-03 2.242554e-03 2.228825e-03 1.923096e-03 2.118499e-03 2.859343e-03 1.961180e-03 2.266959e-03 1.929268e-03 1.725752e-03 2.152384e-03 2.651814e-03 2.295280e-03 1.768032e-03 1.976533e-03
25368.5 7.645377e-04 4.025542e-04 3.436772e-04 7.691805e-04 6.385276e-04 8.312760e-04 1.022875e-03 9.309073e-04 1.193689e-04 4.459583e-04 3.544021e-04 0.000000e+00 3.751487e-04 5.354893e-04 1.510976e-04 0.000000e+00 5.300123e-04
25409.4 0.000000e+00 0.000000e+00 0.000000e+00 0.000000e+00 0.000000e+00 0.000000e+00 0.000000e+00 0.000000e+00 0.000000e+00 0.000000e+00 0.000000e+00 0.000000e+00 0.000000e+00 0.000000e+00 0.000000e+00 0.000000e+00 0.000000e+00
25449.4 0.000000e+00 0.000000e+00 0.000000e+00 0.000000e+00 0.000000e+00 0.000000e+00 0.000000e+00 0.000000e+00 0.000000e+00 0.000000e+00 0.000000e+00 0.000000e+00 0.000000e+00 0.000000e+00 0.000000e+00 0.000000e+00 0.000000e+00
25489.2 0.000000e+00 0.000000e+00 0.000000e+00 0.000000e+00 0.000000e+00 0.000000e+00 0.000000e+00 0.000000e+00 0.000000e+00 0.000000e+00 0.000000e+00 0.000000e+00 0.000000e+00 0.000000e+00 0.000000e+00 0.000000e+00 0.000000e+00
25529.1 0.000000e+00 0.000000e+00 0.000000e+00 0.000000e+00 0.000000e+00 1.305943e-04 6.662969e-04 8.826166e-04 0.000000e+00 0.000000e+00 0.000000e+00 0.000000e+00 0.000000e+00 0.000000e+00 0.000000e+00 0.000000e+00 0.000000e+00
25568.9 5.021523e-04 7.751919e-04 1.140880e-03 7.405534e-04 6.168794e-04 9.758313e-04 1.390919e-03 2.170130e-03 9.288614e-04 5.170577e-04 3.582459e-04 5.452744e-04 5.948406e-04 5.433530e-04 5.568045e-04 6.354506e-04 5.514410e-04
25608.7 0.000000e+00 2.934699e-04 3.691654e-04 3.526050e-05 0.000000e+00 1.965509e-04 2.287453e-04 1.244951e-03 5.854899e-04 8.518155e-05 0.000000e+00 3.176728e-04 1.123620e-04 2.352547e-05 0.000000e+00 0.000000e+00 0.000000e+00
25649.5 0.000000e+00 1.581338e-05 0.000000e+00 0.000000e+00 0.000000e+00 0.000000e+00 1.210835e-04 5.456188e-04 3.359657e-04 7.369648e-05 0.000000e+00 0.000000e+00 0.000000e+00 0.000000e+00 0.000000e+00 0.000000e+00 0.000000e+00
25689.3 0.000000e+00 7.225222e-05 1.081381e-05 1.290878e-04 0.000000e+00 1.560869e-04 8.636549e-04 9.857807e-04 5.470987e-04 4.025142e-04 0.000000e+00 3.534557e-05 1.461861e-05 2.985309e-04 2.243589e-04 0.000000e+00 0.000000e+00
25729.0 0.000000e+00 1.406257e-04 4.983260e-04 4.341646e-04 0.000000e+00 2.376846e-05 1.219946e-03 1.594489e-03 4.700758e-04 4.201818e-04 0.000000e+00 2.224765e-04 5.774149e-04 6.284758e-04 4.655765e-04 0.000000e+00 0.000000e+00
25768.7 0.000000e+00 0.000000e+00 0.000000e+00 0.000000e+00 0.000000e+00 0.000000e+00 0.000000e+00 2.823452e-05 0.000000e+00 0.000000e+00 0.000000e+00 0.000000e+00 0.000000e+00 0.000000e+00 0.000000e+00 0.000000e+00 0.000000e+00
25809.4 0.000000e+00 0.000000e+00 0.000000e+00 0.000000e+00 0.000000e+00 0.000000e+00 0.000000e+00 0.000000e+00 0.000000e+00 0.000000e+00 0.000000e+00 0.000000e+00 0.000000e+00 0.000000e+00 0.000000e+00 0.000000e+00 0.000000e+00
25849.0 0.000000e+00 0.000000e+00 0.000000e+00 0.000000e+00 0.000000e+00 0.000000e+00 0.000000e+00 0.000000e+00 0.000000e+00 0.000000e+00 0.000000e+00 0.000000e+00 0.000000e+00 0.000000e+00 0.000000e+00 0.000000e+00 0.000000e+00
25888.7 0.000000e+00 0.000000e+00 0.000000e+00 0.000000e+00 0.000000e+00 0.000000e+00 0.000000e+00 0.000000e+00 0.000000e+00 0.000000e+00 0.000000e+00 0.000000e+00 0.000000e+00 0.000000e+00 0.000000e+00 0.000000e+00 0.000000e+00
25929.3 0.000000e+00 0.000000e+00 0.000000e+00 1.643599e-04 0.000000e+00 0.000000e+00 2.534299e-04 4.538675e-04 0.000000e+00 0.000000e+00 0.000000e+00 0.000000e+00 0.000000e+00 0.000000e+00 0.000000e+00 0.000000e+00 0.000000e+00
25968.9 2.058585e-04 3.213256e-04 6.984008e-04 5.952726e-04 4.429507e-04 1.376699e-04 9.254624e-04 9.720054e-04 3.833224e-04 3.564559e-04 3.340521e-05 7.538630e-05 2.812129e-04 2.728098e-04 5.947923e-05 0.000000e+00 0.000000e+00
26009.4 1.466397e-04 0.000000e+00 6.684044e-04 7.898274e-05 2.220857e-04 0.000000e+00 4.003026e-04 3.141399e-04 0.000000e+00 1.460393e-04 0.000000e+00 0.000000e+00 0.000000e+00 1.090449e-04 0.000000e+00 0.000000e+00 0.000000e+00
26049.0 0.000000e+00 0.000000e+00 3.318374e-04 0.000000e+00 0.000000e+00 0.000000e+00 1.631640e-05 0.000000e+00 0.000000e+00 0.000000e+00 0.000000e+00 0.000000e+00 0.000000e+00 0.000000e+00 0.000000e+00 0.000000e+00 0.000000e+00
26089.4 0.000000e+00 2.073383e-05 7.419874e-04 2.983607e-04 0.000000e+00 0.000000e+00 4.778527e-04 4.873831e-04 0.000000e+00 0.000000e+00 0.000000e+00 0.000000e+00 0.000000e+00 0.000000e+00 0.000000e+00 0.000000e+00 0.000000e+00
26129.0 1.506000e-04 3.477410e-04 5.548169e-04 3.486623e-04 0.000000e+00 0.000000e+00 5.639102e-04 8.236547e-04 6.130806e-05 8.030710e-06 6.583415e-05 2.977159e-05 4.475646e-05 0.000000e+00 0.000000e+00 1.215821e-04 0.000000e+00
26169.4 3.994934e-04 7.403614e-04 3.962809e-04 6.315388e-04 5.952822e-04 8.506719e-04 1.019023e-03 1.154604e-03 7.238536e-04 3.212193e-04 8.877665e-04 9.395178e-04 5.072930e-04 4.834860e-04 6.447070e-04 8.213676e-04 5.645399e-04
26208.8 5.894425e-04 1.183377e-03 3.713242e-04 1.008678e-03 1.401010e-03 1.516224e-03 2.030302e-03 1.559953e-03 1.568064e-03 7.274706e-04 1.272255e-03 1.452161e-03 7.743318e-04 9.449187e-04 1.423565e-03 1.294827e-03 1.562107e-03
26249.2 0.000000e+00 5.609845e-04 1.575642e-05 7.126721e-04 6.978556e-04 5.029920e-04 1.448269e-03 1.182877e-03 1.039012e-03 3.993415e-04 7.041435e-04 7.980527e-04 4.585610e-05 1.369537e-04 7.434495e-04 4.984457e-04 9.190290e-04
26288.6 0.000000e+00 0.000000e+00 0.000000e+00 2.626623e-04 3.519475e-06 0.000000e+00 8.874184e-04 4.354455e-04 2.100830e-06 0.000000e+00 2.338210e-04 3.051192e-04 0.000000e+00 0.000000e+00 4.166555e-05 0.000000e+00 3.195851e-05
26329.0 0.000000e+00 0.000000e+00 0.000000e+00 1.809404e-04 0.000000e+00 0.000000e+00 7.808228e-04 4.252433e-04 0.000000e+00 0.000000e+00 0.000000e+00 0.000000e+00 0.000000e+00 0.000000e+00 0.000000e+00 0.000000e+00 0.000000e+00
26369.3 0.000000e+00 0.000000e+00 0.000000e+00 0.000000e+00 0.000000e+00 0.000000e+00 1.959573e-04 0.000000e+00 0.000000e+00 0.000000e+00 0.000000e+00 0.000000e+00 0.000000e+00 0.000000e+00 0.000000e+00 0.000000e+00 0.000000e+00
26408.6 0.000000e+00 0.000000e+00 0.000000e+00 0.000000e+00 0.000000e+00 0.000000e+00 0.000000e+00 0.000000e+00 0.000000e+00 0.000000e+00 0.000000e+00 0.000000e+00 0.000000e+00 0.000000e+00 0.000000e+00 0.000000e+00 0.000000e+00
26448.9 0.000000e+00 0.000000e+00 0.000000e+00 0.000000e+00 0.000000e+00 0.000000e+00 0.000000e+00 0.000000e+00 0.000000e+00 0.000000e+00 0.000000e+00 0.000000e+00 0.000000e+00 0.000000e+00 0.000000e+00 0.000000e+00 0.000000e+00
26489.1 0.000000e+00 0.000000e+00 0.000000e+00 0.000000e+00 0.000000e+00 0.000000e+00 0.000000e+00 0.000000e+00 0.000000e+00 0.000000e+00 0.000000e+00 0.000000e+00 0.000000e+00 0.000000e+00 0.000000e+00 0.000000e+00 0.000000e+00
26529.4 0.000000e+00 0.000000e+00 0.000000e+00 0.000000e+00 0.000000e+00 0.000000e+00 0.000000e+00 1.665181e-04 0.000000e+00 0.000000e+00 0.000000e+00 0.000000e+00 0.000000e+00 0.000000e+00 0.000000e+00 0.000000e+00 0.000000e+00
26568.6 7.020484e-05 2.983266e-04 0.000000e+00 2.863711e-04 0.000000e+00 5.121904e-04 9.748049e-04 1.611605e-03 7.559267e-04 2.079536e-04 7.593117e-05 4.546729e-04 3.916738e-04 0.000000e+00 0.000000e+00 0.000000e+00 0.000000e+00
26608.8 2.164871e-04 8.205293e-04 4.749731e-04 3.906701e-04 1.857665e-04 6.948285e-04 1.262383e-03 1.384297e-03 7.473618e-04 7.380549e-04 7.213781e-05 4.191841e-04 5.101505e-04 1.791994e-04 2.445513e-04 0.000000e+00 3.856556e-04
26648.9 5.951397e-04 7.699188e-04 5.534889e-04 5.040224e-04 2.257569e-04 8.834219e-04 1.682444e-03 1.192913e-03 6.114822e-04 8.956324e-04 2.041726e-04 5.329476e-04 3.096029e-04 1.740350e-04 3.475107e-04 2.224158e-04 7.704096e-04
26689.0 1.480045e-03 1.537663e-03 1.211784e-03 1.070064e-03 9.726874e-04 1.980444e-03 2.320433e-03 2.081065e-03 1.535558e-03 1.345046e-03 1.067029e-03 1.545291e-03 1.333633e-03 1.106243e-03 1.270034e-03 1.409699e-03 1.873097e-03
26729.1 1.383510e-03 1.420814e-03 1.232562e-03 9.810407e-04 1.068352e-03 1.808106e-03 2.083375e-03 2.079836e-03 1.543903e-03 1.117180e-03 1.098337e-03 1.366722e-03 1.382985e-03 1.089213e-03 1.377586e-03 1.547450e-03 1.675511e-03
26769.2 6.486660e-04 5.658354e-04 7.336190e-04 4.626750e-04 7.914242e-04 5.515060e-04 1.290171e-03 1.323772e-03 7.240499e-04 4.605403e-04 5.062872e-04 1.957377e-04 5.080373e-04 3.836857e-04 9.020480e-04 9.438032e-04 3.832198e-04
