# from M Ashby, priv. comm.
# Jun 10, 2026

# In-flight, corrected for curve traces and effects of PNe.
# No units given, assumed to be detector signal/photon

# wave ch01 ch02 ch03 ch04 ch05 ch06 ch07 ch08 ch09 ch10 ch11 ch12 ch13 ch14 ch15 ch16 ch17
36953.3 0.000000e+00 0.000000e+00 0.000000e+00 0.000000e+00 9.647645e-06 0.000000e+00 0.000000e+00 0.000000e+00 0.000000e+00 0.000000e+00 0.000000e+00 0.000000e+00 3.123625e-05 8.242865e-05 6.423743e-05 1.391027e-04 1.777469e-04
36982.4 2.071867e-05 0.000000e+00 2.943040e-05 5.888743e-06 2.996419e-05 0.000000e+00 4.826535e-06 0.000000e+00 1.830212e-05 2.931110e-05 0.000000e+00 1.233570e-05 4.361599e-05 7.839931e-05 9.431826e-05 1.502818e-04 2.006261e-04
37014.3 5.768033e-05 0.000000e+00 3.443674e-05 5.863465e-05 4.092362e-05 0.000000e+00 4.632891e-05 2.317274e-06 5.009831e-05 4.353871e-05 9.925396e-06 2.299045e-05 5.636071e-05 7.609782e-05 1.148526e-04 1.563882e-04 2.170788e-04
37043.3 0.000000e+00 0.000000e+00 0.000000e+00 5.593350e-05 3.946155e-05 0.000000e+00 3.289400e-05 0.000000e+00 4.154479e-05 2.678500e-05 1.082866e-05 1.098466e-05 6.604492e-05 7.306036e-05 1.225638e-04 1.554658e-04 2.250059e-04
37072.3 0.000000e+00 0.000000e+00 0.000000e+00 0.000000e+00 0.000000e+00 0.000000e+00 0.000000e+00 0.000000e+00 0.000000e+00 0.000000e+00 9.064608e-06 1.739597e-05 6.321999e-05 6.757552e-05 9.673186e-05 1.355969e-04 2.072833e-04
37104.2 0.000000e+00 0.000000e+00 0.000000e+00 0.000000e+00 0.000000e+00 0.000000e+00 0.000000e+00 0.000000e+00 0.000000e+00 0.000000e+00 0.000000e+00 1.551591e-05 4.026587e-05 6.214914e-05 7.859632e-05 1.177507e-04 1.919305e-04
37133.2 0.000000e+00 0.000000e+00 0.000000e+00 0.000000e+00 0.000000e+00 0.000000e+00 0.000000e+00 0.000000e+00 1.977073e-05 0.000000e+00 0.000000e+00 4.191797e-05 4.806977e-05 8.456931e-05 8.555772e-05 1.118400e-04 2.041401e-04
37162.2 0.000000e+00 0.000000e+00 0.000000e+00 0.000000e+00 0.000000e+00 1.060617e-05 2.937953e-05 4.704312e-05 7.738913e-05 5.876499e-05 4.300536e-05 6.389738e-05 7.656610e-05 1.164292e-04 1.223577e-04 1.261360e-04 2.354379e-04
37194.2 0.000000e+00 0.000000e+00 0.000000e+00 0.000000e+00 0.000000e+00 0.000000e+00 1.206780e-05 0.000000e+00 6.194249e-05 5.552941e-05 3.108300e-05 6.887591e-05 6.187878e-05 1.044152e-04 1.269450e-04 1.030413e-04 2.522378e-04
37223.2 0.000000e+00 0.000000e+00 0.000000e+00 0.000000e+00 0.000000e+00 0.000000e+00 8.915464e-06 0.000000e+00 3.891022e-05 3.306665e-05 1.927416e-05 5.849475e-05 6.797298e-05 5.981098e-05 1.213141e-04 1.140595e-04 2.560136e-04
37252.2 0.000000e+00 0.000000e+00 0.000000e+00 0.000000e+00 0.000000e+00 0.000000e+00 0.000000e+00 5.821961e-07 1.435411e-05 0.000000e+00 7.683553e-06 2.340038e-05 6.578169e-05 2.822013e-05 9.195386e-05 1.299191e-04 2.575982e-04
37284.1 0.000000e+00 0.000000e+00 0.000000e+00 0.000000e+00 0.000000e+00 0.000000e+00 0.000000e+00 5.723998e-05 1.884282e-05 5.049984e-06 3.509685e-05 9.897413e-06 6.879419e-05 5.889799e-05 1.126551e-04 1.620473e-04 2.737066e-04
37313.1 0.000000e+00 0.000000e+00 0.000000e+00 0.000000e+00 0.000000e+00 0.000000e+00 0.000000e+00 0.000000e+00 0.000000e+00 0.000000e+00 0.000000e+00 0.000000e+00 4.017602e-05 6.138980e-05 1.070306e-04 1.296337e-04 2.680139e-04
37342.1 0.000000e+00 0.000000e+00 0.000000e+00 0.000000e+00 0.000000e+00 0.000000e+00 0.000000e+00 0.000000e+00 0.000000e+00 0.000000e+00 0.000000e+00 0.000000e+00 5.165736e-05 2.940436e-05 1.053973e-04 1.283897e-04 2.900304e-04
37374.0 0.000000e+00 0.000000e+00 3.295364e-06 0.000000e+00 0.000000e+00 0.000000e+00 3.174967e-05 4.656812e-05 1.480721e-05 2.922825e-05 6.542520e-05 4.016664e-05 1.102284e-04 1.027050e-04 1.567598e-04 1.811606e-04 3.895272e-04
37403.0 1.238389e-04 5.934568e-05 8.563336e-05 6.926009e-05 3.516652e-05 6.336433e-05 7.695686e-05 1.029423e-04 6.782814e-05 6.207959e-05 1.107046e-04 8.091371e-05 1.452460e-04 1.697898e-04 2.079820e-04 2.128342e-04 4.885878e-04
37431.9 6.104070e-05 2.202834e-05 4.476031e-05 0.000000e+00 6.779747e-06 1.214900e-05 2.433114e-05 5.490208e-05 2.565623e-05 4.852120e-05 6.802076e-05 5.152045e-05 1.081972e-04 1.522456e-04 1.831384e-04 1.689053e-04 4.879634e-04
37463.8 0.000000e+00 0.000000e+00 3.239226e-05 0.000000e+00 0.000000e+00 0.000000e+00 0.000000e+00 4.253750e-05 5.428489e-06 4.738720e-05 3.617509e-05 3.989883e-05 7.495142e-05 1.187099e-04 1.298926e-04 1.625335e-04 4.516255e-04
37492.8 4.765782e-05 8.195773e-05 1.386370e-04 0.000000e+00 5.206976e-05 3.226074e-05 8.008734e-05 1.024545e-04 7.655556e-05 7.826091e-05 9.281791e-05 6.700071e-05 9.015630e-05 1.594518e-04 1.531629e-04 2.112069e-04 4.728144e-04
37521.8 5.654138e-05 5.880935e-05 8.919431e-05 0.000000e+00 2.699253e-05 7.497255e-06 7.476724e-05 6.625717e-05 4.404090e-05 5.059452e-05 7.892683e-05 7.354761e-05 8.872205e-05 1.496735e-04 1.619677e-04 2.337097e-04 5.233783e-04
37553.7 0.000000e+00 0.000000e+00 0.000000e+00 0.000000e+00 0.000000e+00 0.000000e+00 0.000000e+00 0.000000e+00 0.000000e+00 0.000000e+00 1.112269e-05 4.431222e-05 5.656770e-05 1.015837e-04 1.280000e-04 2.152826e-04 5.814804e-04
37582.7 0.000000e+00 0.000000e+00 0.000000e+00 0.000000e+00 0.000000e+00 0.000000e+00 0.000000e+00 0.000000e+00 0.000000e+00 0.000000e+00 0.000000e+00 4.139374e-05 6.177870e-05 1.167663e-04 1.047537e-04 2.387675e-04 6.330331e-04
37611.7 0.000000e+00 0.000000e+00 0.000000e+00 0.000000e+00 0.000000e+00 0.000000e+00 0.000000e+00 0.000000e+00 0.000000e+00 4.384798e-05 4.057638e-05 7.614756e-05 9.430189e-05 1.633976e-04 1.345938e-04 3.020142e-04 7.010899e-04
37643.5 0.000000e+00 0.000000e+00 0.000000e+00 0.000000e+00 0.000000e+00 0.000000e+00 0.000000e+00 0.000000e+00 0.000000e+00 3.585052e-05 6.531658e-06 5.716370e-05 6.452209e-05 1.413070e-04 1.471397e-04 3.034811e-04 7.712861e-04
37672.4 0.000000e+00 0.000000e+00 0.000000e+00 0.000000e+00 0.000000e+00 0.000000e+00 0.000000e+00 0.000000e+00 0.000000e+00 0.000000e+00 0.000000e+00 7.974815e-06 3.249221e-05 8.726245e-05 1.398428e-04 2.987046e-04 8.906314e-04
37704.3 0.000000e+00 0.000000e+00 0.000000e+00 0.000000e+00 0.000000e+00 0.000000e+00 0.000000e+00 0.000000e+00 0.000000e+00 0.000000e+00 0.000000e+00 0.000000e+00 4.951228e-05 7.586088e-05 1.381136e-04 3.314874e-04 1.115575e-03
37733.3 0.000000e+00 0.000000e+00 4.030444e-05 0.000000e+00 6.419912e-06 0.000000e+00 0.000000e+00 0.000000e+00 0.000000e+00 5.908163e-07 7.297275e-06 2.800338e-05 1.070654e-04 1.085855e-04 1.695090e-04 4.171597e-04 1.446752e-03
37762.3 0.000000e+00 3.651875e-05 1.828097e-05 1.294076e-05 5.051777e-05 3.229796e-06 4.055152e-05 3.959296e-05 4.199931e-05 4.040733e-05 5.756961e-05 6.964507e-05 1.369988e-04 1.497402e-04 2.272872e-04 5.202456e-04 1.874660e-03
37794.1 0.000000e+00 0.000000e+00 0.000000e+00 0.000000e+00 0.000000e+00 0.000000e+00 0.000000e+00 0.000000e+00 0.000000e+00 2.187194e-05 3.096706e-05 2.762884e-05 1.243641e-04 1.236264e-04 2.633874e-04 5.753815e-04 2.338275e-03
37823.1 0.000000e+00 0.000000e+00 0.000000e+00 0.000000e+00 0.000000e+00 0.000000e+00 0.000000e+00 0.000000e+00 0.000000e+00 3.042606e-06 1.476642e-07 1.598487e-05 9.850794e-05 1.224479e-04 2.867643e-04 6.172669e-04 3.039719e-03
37852.0 0.000000e+00 0.000000e+00 0.000000e+00 0.000000e+00 0.000000e+00 0.000000e+00 0.000000e+00 0.000000e+00 0.000000e+00 7.190124e-06 1.597170e-05 5.611145e-05 8.759593e-05 1.369084e-04 3.003278e-04 7.004815e-04 4.336825e-03
37883.9 1.498910e-04 1.516227e-04 9.519956e-05 4.387243e-05 7.722903e-05 4.553251e-06 1.047349e-04 2.733428e-05 7.691381e-05 5.190475e-05 7.417079e-05 1.445362e-04 1.496294e-04 1.935706e-04 3.381656e-04 8.566908e-04 6.160414e-03
37912.9 1.516686e-04 1.273158e-04 7.866931e-05 4.068533e-05 4.545037e-05 1.582442e-05 6.026924e-05 2.673656e-05 7.436240e-05 5.302086e-05 6.737578e-05 1.076517e-04 1.711058e-04 2.109372e-04 3.349118e-04 9.222264e-04 9.266897e-03
37941.8 1.138512e-04 1.078225e-04 3.586396e-05 0.000000e+00 5.038800e-06 0.000000e+00 1.115968e-05 1.065971e-07 3.954056e-05 4.450992e-05 3.676360e-05 8.913308e-05 1.765126e-04 2.428476e-04 3.906590e-04 1.084045e-03 1.631674e-02
37973.7 0.000000e+00 9.861585e-07 0.000000e+00 0.000000e+00 0.000000e+00 0.000000e+00 0.000000e+00 0.000000e+00 5.864789e-06 7.990761e-06 2.340100e-06 5.140142e-05 1.030041e-04 1.604490e-04 2.988501e-04 8.085159e-04 2.609037e-02
38002.6 0.000000e+00 8.985379e-06 1.005618e-06 0.000000e+00 1.031360e-05 0.000000e+00 1.917644e-05 0.000000e+00 1.061263e-05 1.214329e-05 7.880805e-06 3.523210e-05 4.336979e-05 5.157446e-05 1.110289e-04 2.800779e-04 5.029621e-02
38031.6 5.551206e-07 0.000000e+00 1.043582e-06 3.739897e-06 0.000000e+00 2.817966e-06 0.000000e+00 2.124434e-06 0.000000e+00 0.000000e+00 0.000000e+00 0.000000e+00 0.000000e+00 0.000000e+00 0.000000e+00 0.000000e+00 9.800318e-02
38063.4 0.000000e+00 0.000000e+00 0.000000e+00 0.000000e+00 0.000000e+00 0.000000e+00 0.000000e+00 4.875182e-21 1.291262e-19 2.924025e-17 2.976472e-15 1.914511e-13 2.028966e-11 7.496159e-10 7.275033e-08 2.787984e-05 1.622653e-01
38092.3 0.000000e+00 0.000000e+00 0.000000e+00 0.000000e+00 0.000000e+00 0.000000e+00 0.000000e+00 3.259479e-21 0.000000e+00 3.544152e-17 2.877502e-15 2.265390e-13 2.257322e-11 7.937986e-10 7.260366e-08 1.122139e-04 2.380472e-01
38124.2 3.724580e-34 0.000000e+00 0.000000e+00 1.097276e-28 0.000000e+00 2.337078e-25 5.967739e-23 1.730395e-21 5.695180e-19 6.614362e-17 4.077980e-15 3.160226e-13 1.932471e-11 1.734257e-09 9.622605e-08 4.427207e-04 3.644489e-01
38153.1 1.020901e-33 3.518945e-32 3.339092e-30 5.136366e-28 6.478230e-27 1.151228e-24 1.280946e-22 1.837684e-20 1.306757e-18 1.105380e-16 5.326269e-15 5.451252e-13 2.934779e-11 2.319717e-09 1.437283e-07 1.112408e-03 5.058969e-01
38182.1 1.538314e-33 8.139291e-32 7.866316e-30 7.600709e-28 2.952414e-26 3.571607e-24 1.645277e-22 3.325218e-20 2.235805e-18 1.012425e-16 1.245293e-14 7.077905e-13 3.784172e-11 2.844692e-09 1.596327e-07 2.106497e-03 6.338651e-01
38213.9 1.934663e-33 1.137997e-31 1.220911e-29 8.345809e-28 3.290010e-26 5.844449e-24 1.935076e-22 3.167133e-20 2.001617e-18 2.145761e-16 1.649471e-14 1.117975e-12 6.997534e-11 3.327793e-09 2.772578e-07 4.498885e-03 7.894981e-01
38242.8 3.936811e-33 2.516778e-31 2.572056e-29 1.365095e-27 1.047606e-25 7.581604e-24 7.665522e-22 4.292275e-20 4.646263e-18 3.495235e-16 2.618108e-14 1.462044e-12 8.569825e-11 7.953969e-09 8.772636e-07 8.307125e-03 9.179547e-01
38271.8 1.840033e-33 7.762425e-32 8.471308e-30 7.914049e-28 4.925635e-26 0.000000e+00 5.117924e-22 9.565834e-21 2.027075e-18 2.928656e-16 2.106769e-14 1.616114e-12 1.458394e-10 9.504510e-09 1.871359e-06 1.305709e-02 9.844090e-01
38303.6 0.000000e+00 0.000000e+00 0.000000e+00 6.586225e-14 6.575714e-15 1.580184e-12 4.166754e-13 0.000000e+00 1.010562e-14 0.000000e+00 0.000000e+00 0.000000e+00 1.712017e-10 1.289668e-08 3.227928e-06 2.352498e-02 9.815756e-01
38332.5 0.000000e+00 0.000000e+00 0.000000e+00 2.222840e-07 2.219733e-08 5.332996e-06 1.406249e-06 0.000000e+00 3.413172e-08 0.000000e+00 0.000000e+00 0.000000e+00 0.000000e+00 0.000000e+00 0.000000e+00 4.894089e-02 9.757564e-01
38364.3 3.398408e-05 1.444296e-05 1.362928e-05 1.016905e-05 1.245045e-05 0.000000e+00 9.623928e-07 9.602115e-06 4.920810e-07 1.070782e-05 1.665341e-05 1.150121e-05 3.667863e-05 7.257396e-05 1.658625e-04 7.633038e-02 9.839592e-01
38393.2 0.000000e+00 0.000000e+00 0.000000e+00 0.000000e+00 0.000000e+00 0.000000e+00 0.000000e+00 3.977683e-06 0.000000e+00 1.744728e-05 2.153730e-05 2.022027e-05 7.941710e-05 2.577260e-04 5.917691e-04 1.281392e-01 9.999537e-01
38422.1 0.000000e+00 0.000000e+00 0.000000e+00 0.000000e+00 0.000000e+00 0.000000e+00 0.000000e+00 0.000000e+00 0.000000e+00 1.089146e-05 3.101244e-05 2.094755e-05 8.763501e-05 3.686449e-04 1.126859e-03 2.214603e-01 9.702425e-01
38453.9 0.000000e+00 0.000000e+00 0.000000e+00 0.000000e+00 0.000000e+00 0.000000e+00 0.000000e+00 0.000000e+00 0.000000e+00 0.000000e+00 4.881705e-05 1.457274e-05 7.200887e-05 3.483830e-04 1.600031e-03 3.444068e-01 8.714469e-01
38482.8 6.643300e-05 3.801375e-05 1.556263e-05 1.332430e-05 0.000000e+00 2.954144e-05 3.121959e-05 1.826839e-05 1.846564e-05 5.456249e-05 1.083033e-04 6.882737e-05 1.138547e-04 3.733966e-04 2.412852e-03 4.722295e-01 7.288469e-01
38511.8 1.043257e-04 7.118386e-05 5.595503e-05 3.963667e-05 0.000000e+00 4.070626e-05 5.222977e-05 3.210951e-05 3.551044e-05 1.004487e-04 1.123636e-04 1.082085e-04 1.659426e-04 4.329069e-04 3.242649e-03 6.291893e-01 5.695146e-01
38543.6 6.767833e-05 6.836042e-05 2.266324e-05 1.310511e-05 1.565955e-05 3.748161e-05 2.873347e-05 2.749194e-05 2.809909e-05 7.333766e-05 7.718121e-05 8.396755e-05 1.578471e-04 5.041923e-04 3.753377e-03 7.946533e-01 4.075981e-01
38572.5 0.000000e+00 0.000000e+00 0.000000e+00 0.000000e+00 0.000000e+00 0.000000e+00 0.000000e+00 0.000000e+00 0.000000e+00 0.000000e+00 1.457737e-05 9.561114e-06 9.673353e-05 5.257190e-04 3.296904e-03 9.068767e-01 2.961534e-01
38604.3 0.000000e+00 0.000000e+00 0.000000e+00 0.000000e+00 0.000000e+00 0.000000e+00 0.000000e+00 0.000000e+00 1.246221e-05 1.570179e-06 5.380452e-05 3.112655e-05 1.227142e-04 5.624973e-04 4.627582e-03 9.847409e-01 1.808866e-01
38633.2 0.000000e+00 0.000000e+00 0.000000e+00 0.000000e+00 0.000000e+00 0.000000e+00 0.000000e+00 0.000000e+00 5.193011e-05 6.945995e-05 9.797305e-05 1.105841e-04 2.502661e-04 6.250855e-04 1.043704e-02 1.004815e+00 9.700744e-02
38662.1 0.000000e+00 0.000000e+00 0.000000e+00 0.000000e+00 0.000000e+00 0.000000e+00 4.378339e-06 8.946150e-06 4.168842e-05 9.039136e-05 8.772373e-05 1.321022e-04 2.909021e-04 6.761838e-04 2.219497e-02 9.985748e-01 4.803902e-02
38693.9 0.000000e+00 0.000000e+00 0.000000e+00 0.000000e+00 0.000000e+00 0.000000e+00 0.000000e+00 0.000000e+00 0.000000e+00 1.563224e-05 6.012066e-06 7.721104e-05 2.689488e-04 6.775734e-04 5.258648e-02 9.977357e-01 2.129677e-02
38722.8 0.000000e+00 0.000000e+00 0.000000e+00 0.000000e+00 0.000000e+00 0.000000e+00 0.000000e+00 0.000000e+00 0.000000e+00 4.540042e-06 1.671274e-05 7.276351e-05 2.976853e-04 7.114450e-04 1.105952e-01 1.003091e+00 8.620291e-03
38751.7 4.302158e-05 5.171407e-05 2.321035e-05 8.911850e-06 2.104701e-05 2.713599e-05 8.811479e-06 3.537096e-05 3.677577e-05 4.994990e-05 7.122659e-05 1.315102e-04 3.641175e-04 8.216184e-04 1.826744e-01 9.997112e-01 3.441633e-03
38783.5 1.494024e-04 1.137730e-04 8.593220e-05 5.017830e-05 7.680748e-05 7.008256e-05 5.977258e-05 8.671667e-05 6.802204e-05 6.642881e-05 1.178411e-04 1.808146e-04 3.924908e-04 1.290760e-03 3.039735e-01 9.101766e-01 2.988754e-03
38812.3 4.413120e-05 6.851615e-05 2.601600e-05 2.596824e-05 2.527284e-05 3.338528e-05 3.825290e-05 5.018633e-05 4.421186e-05 4.806285e-05 1.023356e-04 1.389161e-04 4.250787e-04 2.043604e-03 4.530949e-01 7.563429e-01 3.016633e-03
38844.1 0.000000e+00 0.000000e+00 0.000000e+00 0.000000e+00 0.000000e+00 0.000000e+00 0.000000e+00 1.693850e-06 1.813468e-05 4.864847e-05 7.878922e-05 1.073603e-04 4.477056e-04 3.035854e-03 6.123076e-01 5.915297e-01 2.620914e-03
38873.0 0.000000e+00 1.039063e-05 0.000000e+00 0.000000e+00 4.300799e-06 0.000000e+00 3.112578e-05 2.850994e-05 8.560059e-05 7.618843e-05 8.834805e-05 1.608818e-04 5.094263e-04 3.720861e-03 7.452676e-01 4.616358e-01 2.061356e-03
38901.9 7.834308e-05 7.052848e-06 0.000000e+00 1.611354e-05 2.972990e-05 3.200714e-06 4.022424e-05 3.331677e-05 1.179348e-04 9.006411e-05 1.175738e-04 1.925505e-04 6.123727e-04 3.865450e-03 8.863804e-01 3.238426e-01 1.368707e-03
38933.7 7.537926e-05 7.130578e-05 2.694607e-05 2.516919e-05 3.758180e-05 1.060539e-05 4.494584e-05 6.541287e-05 1.203656e-04 1.290641e-04 1.734326e-04 1.894588e-04 7.287899e-04 4.754939e-03 9.888712e-01 1.911485e-01 7.715556e-04
38962.6 5.549897e-05 1.107712e-04 3.293477e-05 1.312650e-05 2.873621e-05 1.973516e-05 4.410533e-05 1.189289e-04 1.236207e-04 1.431489e-04 1.960332e-04 2.176777e-04 7.694956e-04 6.489293e-03 1.005677e+00 1.182476e-01 5.384245e-04
38994.3 3.537315e-05 7.062936e-05 3.067026e-05 1.894479e-05 4.227095e-05 1.673146e-05 3.386535e-05 1.404314e-04 1.118848e-04 1.225458e-04 1.851624e-04 2.477878e-04 7.899916e-04 1.801565e-02 9.977019e-01 6.262012e-02 4.953749e-04
39023.2 7.587105e-05 7.541746e-05 3.530521e-05 4.923509e-05 8.399448e-05 4.053872e-05 3.153173e-05 1.290887e-04 9.397823e-05 1.463285e-04 1.589425e-04 2.866924e-04 8.282935e-04 4.603210e-02 9.983691e-01 2.863904e-02 4.805025e-04
39052.0 1.141519e-04 1.354312e-04 4.920857e-05 8.433009e-05 9.402867e-05 6.513311e-05 4.729970e-05 1.028341e-04 1.102947e-04 1.768754e-04 1.412434e-04 3.388718e-04 8.203638e-04 8.670668e-02 1.003875e+00 9.280142e-03 4.386942e-04
39083.8 1.541505e-04 1.490842e-04 6.591626e-05 4.829496e-05 6.952531e-05 9.766918e-05 7.521446e-05 1.020620e-04 1.636085e-04 1.683102e-04 1.195736e-04 3.941933e-04 8.607297e-04 1.586341e-01 9.973275e-01 4.113242e-03 3.957425e-04
39112.7 1.721163e-04 1.392422e-04 1.142407e-04 5.515635e-05 1.230885e-04 1.477476e-04 9.627897e-05 1.245885e-04 1.711437e-04 1.718867e-04 1.591908e-04 4.479459e-04 1.253399e-03 2.669468e-01 9.296688e-01 3.007871e-03 3.611672e-04
39144.4 1.558556e-04 1.562421e-04 1.546004e-04 8.103867e-05 1.841154e-04 1.809873e-04 1.364100e-04 1.630711e-04 1.497439e-04 2.137161e-04 1.926635e-04 4.967024e-04 1.909206e-03 3.965214e-01 8.087509e-01 3.119453e-03 3.458444e-04
39173.3 6.268199e-05 9.506607e-05 1.238296e-04 5.942112e-05 1.205902e-04 1.092581e-04 8.476993e-05 1.018676e-04 1.118405e-04 1.634758e-04 1.738410e-04 4.648613e-04 2.783593e-03 5.374199e-01 6.594919e-01 2.840103e-03 2.837153e-04
39202.2 8.796187e-05 6.198470e-05 1.160905e-04 2.258173e-05 6.308413e-05 5.410016e-05 7.791388e-05 7.891687e-05 9.955751e-05 1.123663e-04 1.733264e-04 5.178841e-04 3.712711e-03 6.995522e-01 4.986685e-01 2.117706e-03 2.571019e-04
39233.9 8.130672e-06 0.000000e+00 1.723687e-05 0.000000e+00 0.000000e+00 0.000000e+00 4.664980e-05 5.310606e-05 4.784917e-05 5.360879e-05 1.557840e-04 5.496633e-04 4.320409e-03 8.649714e-01 3.438544e-01 1.231635e-03 2.165787e-04
39262.8 0.000000e+00 0.000000e+00 0.000000e+00 2.291970e-05 2.419001e-05 1.959405e-05 6.710976e-05 8.066104e-05 7.412030e-05 8.034192e-05 1.738691e-04 6.002159e-04 4.415008e-03 9.526270e-01 2.431808e-01 7.535313e-04 2.223347e-04
39291.6 0.000000e+00 0.000000e+00 0.000000e+00 2.778355e-05 5.037821e-05 4.398217e-05 4.868296e-05 6.355178e-05 9.123328e-05 6.468556e-05 1.768936e-04 5.981592e-04 7.242117e-03 9.967269e-01 1.484222e-01 4.823207e-04 2.098666e-04
39323.4 2.853587e-05 0.000000e+00 1.472783e-05 0.000000e+00 3.200409e-05 4.183199e-05 4.065429e-05 4.417765e-05 6.498414e-05 7.457145e-05 1.681411e-04 6.639627e-04 1.361432e-02 1.002929e+00 7.382217e-02 4.200634e-04 1.975340e-04
39352.2 0.000000e+00 0.000000e+00 0.000000e+00 0.000000e+00 0.000000e+00 0.000000e+00 0.000000e+00 1.065146e-05 2.958900e-05 8.509447e-05 1.616921e-04 7.177043e-04 2.738548e-02 9.997253e-01 3.845436e-02 4.039237e-04 1.715142e-04
39384.0 3.663332e-06 0.000000e+00 2.349237e-06 0.000000e+00 5.930845e-06 1.996562e-06 1.743983e-05 3.461685e-05 6.059571e-05 1.094233e-04 2.538047e-04 7.590857e-04 6.455140e-02 9.996111e-01 1.418964e-02 3.436384e-04 1.607653e-04
39412.8 0.000000e+00 0.000000e+00 0.000000e+00 0.000000e+00 0.000000e+00 0.000000e+00 2.233057e-05 2.519709e-05 3.813877e-05 5.956491e-05 2.801027e-04 7.281602e-04 1.272133e-01 1.006185e+00 3.979297e-03 2.874564e-04 1.160296e-04
39441.7 0.000000e+00 0.000000e+00 0.000000e+00 0.000000e+00 0.000000e+00 0.000000e+00 2.314656e-05 3.540728e-05 5.078813e-05 8.206346e-05 3.586767e-04 8.446403e-04 2.027503e-01 9.913829e-01 2.805362e-03 3.501145e-04 1.166624e-04
39473.4 2.388997e-04 6.352750e-05 5.713431e-05 9.748729e-06 0.000000e+00 0.000000e+00 0.000000e+00 2.497762e-05 0.000000e+00 0.000000e+00 1.985474e-04 1.094774e-03 3.126460e-01 8.987369e-01 2.888918e-03 2.492981e-05 0.000000e+00
39502.2 4.594210e-04 2.285595e-04 1.400551e-04 6.434982e-05 2.566898e-05 9.978619e-06 0.000000e+00 5.244582e-05 0.000000e+00 0.000000e+00 1.400982e-04 1.810572e-03 4.514916e-01 7.482995e-01 2.638505e-03 0.000000e+00 0.000000e+00
39534.0 2.932135e-04 1.661273e-04 8.135293e-05 1.204756e-04 4.086790e-05 4.819151e-05 4.760789e-07 1.240239e-04 5.956598e-05 2.128681e-05 3.104682e-04 3.048952e-03 6.071498e-01 5.883723e-01 2.287344e-03 1.512761e-05 0.000000e+00
39562.8 1.056792e-05 8.146646e-05 3.787394e-05 1.458273e-04 7.295996e-05 8.490644e-05 9.316102e-05 1.815243e-04 1.958583e-04 2.128944e-04 6.087238e-04 4.009075e-03 7.514321e-01 4.472252e-01 1.758856e-03 3.061464e-04 1.480253e-04
39591.6 8.441825e-05 1.255611e-04 9.503362e-05 1.525539e-04 1.251629e-04 1.001374e-04 1.626834e-04 2.002260e-04 1.999246e-04 2.316390e-04 6.741610e-04 4.437503e-03 8.937525e-01 3.069599e-01 1.022149e-03 2.378886e-04 1.352441e-04
39623.3 3.800420e-05 6.355604e-05 4.705502e-05 5.550921e-05 9.107197e-05 7.224323e-05 1.162008e-04 1.494387e-04 1.397686e-04 1.907193e-04 6.328702e-04 4.434559e-03 9.934168e-01 1.844261e-01 5.533299e-04 2.055809e-04 9.414502e-05
39652.2 1.528501e-04 1.428952e-04 1.031431e-04 1.016509e-04 9.046473e-05 1.415336e-04 1.234066e-04 1.478726e-04 1.439427e-04 2.217031e-04 6.630149e-04 6.715036e-03 1.006548e+00 1.189947e-01 4.740516e-04 2.029939e-04 7.987470e-05
39683.8 2.808076e-04 2.622032e-04 1.816377e-04 1.619951e-04 1.170447e-04 2.082554e-04 1.584827e-04 1.962334e-04 2.157436e-04 2.866064e-04 8.086614e-04 1.696713e-02 9.992140e-01 6.065005e-02 4.753773e-04 2.195733e-04 1.180930e-04
39712.7 3.141907e-04 3.072226e-04 2.139896e-04 1.949663e-04 1.559270e-04 2.404090e-04 1.750895e-04 2.414793e-04 2.536042e-04 3.090086e-04 8.940076e-04 3.973178e-02 9.975366e-01 2.422330e-02 4.774771e-04 2.134174e-04 1.461166e-04
39744.4 1.656604e-04 1.948745e-04 1.184907e-04 1.864328e-04 1.041657e-04 1.772256e-04 1.281279e-04 1.686883e-04 1.658252e-04 3.006409e-04 8.006969e-04 7.680321e-02 9.988530e-01 8.354541e-03 4.253506e-04 1.939658e-04 8.833996e-05
39773.2 1.039534e-04 1.433615e-04 6.827501e-05 1.751325e-04 7.816822e-05 1.110707e-04 1.167547e-04 1.359379e-04 1.369860e-04 3.275817e-04 8.298627e-04 1.384373e-01 9.955988e-01 3.934347e-03 3.799648e-04 1.742512e-04 7.014326e-05
39802.0 0.000000e+00 2.139112e-05 2.865374e-07 4.077642e-05 3.132004e-05 7.083878e-06 3.695996e-05 1.076574e-04 1.230916e-04 3.112876e-04 1.063688e-03 2.351682e-01 9.449463e-01 3.278160e-03 3.020907e-04 1.308276e-04 7.112702e-05
39833.7 3.422969e-06 1.580088e-05 5.157239e-05 2.018474e-05 7.899028e-05 6.109227e-05 5.596821e-05 1.302080e-04 1.410945e-04 3.755695e-04 1.495502e-03 3.513775e-01 8.398671e-01 3.316087e-03 2.830359e-04 9.760262e-05 1.077845e-04
39862.5 3.138782e-05 1.271620e-05 7.087579e-05 8.318559e-05 9.158626e-05 1.255623e-04 1.009106e-04 1.330653e-04 1.498361e-04 4.662861e-04 2.224961e-03 4.850721e-01 6.953122e-01 3.043866e-03 2.545521e-04 9.733628e-05 1.098872e-04
39894.2 3.251120e-05 1.215586e-05 3.179482e-05 7.578932e-05 3.726930e-05 1.125645e-04 1.242851e-04 1.076756e-04 1.623433e-04 5.074613e-04 3.407048e-03 6.673457e-01 5.129392e-01 2.220854e-03 2.409251e-04 8.329250e-05 1.008264e-04
39923.0 6.460568e-05 4.818213e-05 2.477956e-05 3.111151e-05 1.221462e-05 4.430016e-05 1.415429e-04 9.561764e-05 2.013634e-04 5.732541e-04 4.202352e-03 8.123999e-01 3.755966e-01 1.363243e-03 1.990361e-04 9.466411e-05 1.056512e-04
39951.8 7.150478e-05 7.059350e-05 3.087446e-05 1.389114e-05 3.775316e-05 1.777484e-05 1.290494e-04 7.718844e-05 1.795902e-04 6.470352e-04 4.383809e-03 9.121381e-01 2.731614e-01 8.349454e-04 1.741062e-04 1.085445e-04 1.096821e-04
39983.5 3.687835e-05 3.482662e-05 1.746645e-05 1.132197e-05 3.116063e-05 1.783191e-05 5.851604e-05 3.338617e-05 1.348733e-04 6.534639e-04 5.150880e-03 9.845693e-01 1.601738e-01 5.367716e-04 1.151875e-04 7.980157e-05 8.123453e-05
40012.3 0.000000e+00 0.000000e+00 0.000000e+00 5.428029e-06 1.493744e-05 5.415657e-05 4.897069e-05 5.310946e-05 1.645347e-04 6.773420e-04 8.861319e-03 1.006639e+00 8.330552e-02 4.654010e-04 1.113118e-04 7.096727e-05 5.016611e-05
40044.0 1.397250e-05 7.979154e-06 1.564686e-05 1.865272e-05 2.663696e-05 8.266558e-05 7.141158e-05 8.447406e-05 2.239759e-04 7.537324e-04 1.973082e-02 9.993728e-01 4.145483e-02 4.307278e-04 1.094299e-04 7.040102e-05 2.589691e-05
40072.8 0.000000e+00 0.000000e+00 0.000000e+00 0.000000e+00 0.000000e+00 1.371638e-05 3.392485e-05 4.234642e-05 1.693217e-04 7.624205e-04 4.433812e-02 9.993002e-01 1.666305e-02 3.725533e-04 8.051517e-05 3.751950e-05 1.176363e-05
40101.6 0.000000e+00 0.000000e+00 0.000000e+00 0.000000e+00 0.000000e+00 0.000000e+00 0.000000e+00 1.534295e-05 1.272317e-04 7.629091e-04 9.110753e-02 1.003090e+00 4.647834e-03 3.276985e-04 7.069028e-05 0.000000e+00 2.219920e-05
40133.3 0.000000e+00 0.000000e+00 0.000000e+00 0.000000e+00 0.000000e+00 0.000000e+00 0.000000e+00 2.059609e-05 1.424861e-04 7.974714e-04 1.599626e-01 1.001632e+00 3.390435e-03 3.373816e-04 1.035621e-04 2.600591e-06 2.827596e-05
40162.1 0.000000e+00 0.000000e+00 0.000000e+00 0.000000e+00 0.000000e+00 0.000000e+00 0.000000e+00 1.213016e-05 1.598128e-04 8.993903e-04 2.473899e-01 9.450678e-01 3.394308e-03 2.710647e-04 8.518321e-05 3.360991e-06 3.309719e-05
40193.7 0.000000e+00 0.000000e+00 0.000000e+00 0.000000e+00 0.000000e+00 0.000000e+00 0.000000e+00 0.000000e+00 2.007546e-04 1.402243e-03 3.871023e-01 7.988247e-01 3.141762e-03 1.791948e-04 5.233961e-05 0.000000e+00 2.090077e-05
40222.5 0.000000e+00 0.000000e+00 0.000000e+00 0.000000e+00 0.000000e+00 0.000000e+00 3.472414e-05 4.685794e-05 2.920953e-04 2.149387e-03 5.198159e-01 6.543327e-01 2.649845e-03 1.724760e-04 5.598937e-05 8.538995e-06 2.181492e-05
40254.2 4.313017e-05 5.835894e-05 4.767552e-05 9.613667e-05 1.667838e-05 1.015161e-04 1.271171e-04 1.396112e-04 4.305678e-04 3.322260e-03 6.759374e-01 4.959160e-01 1.832965e-03 2.207556e-04 8.542271e-05 2.814930e-05 2.087214e-05
40282.9 4.833377e-05 7.214456e-05 9.171251e-05 8.134931e-05 4.316410e-05 1.269423e-04 1.419405e-04 1.664558e-04 4.978451e-04 4.247920e-03 8.310148e-01 3.487283e-01 1.085606e-03 2.198188e-04 8.315579e-05 2.275443e-05 2.210567e-05
40311.7 3.746252e-05 5.231658e-05 1.040188e-04 8.349941e-05 6.488429e-05 1.083198e-04 1.581369e-04 1.496211e-04 5.496323e-04 4.645912e-03 9.541155e-01 2.243368e-01 5.614493e-04 2.066338e-04 1.004373e-04 3.988776e-05 2.379573e-05
40343.4 1.078361e-04 1.227047e-04 1.876619e-04 1.734943e-04 1.268503e-04 1.896291e-04 2.089270e-04 2.384940e-04 6.573600e-04 4.939759e-03 9.954722e-01 1.399136e-01 5.190582e-04 2.027783e-04 1.227922e-04 6.657358e-05 5.762805e-05
40372.2 1.045752e-04 1.266086e-04 2.119234e-04 1.950735e-04 1.174785e-04 1.887590e-04 2.074775e-04 3.059118e-04 7.019039e-04 8.256463e-03 9.978349e-01 7.688012e-02 5.232180e-04 1.904369e-04 1.067584e-04 6.637828e-05 5.512934e-05
40403.8 9.914563e-05 9.081454e-05 1.224720e-04 1.513009e-04 8.896346e-05 8.546077e-05 1.453468e-04 2.823414e-04 7.004839e-04 2.294094e-02 9.965093e-01 3.096940e-02 5.042638e-04 1.607658e-04 7.482242e-05 5.069767e-05 4.471793e-05
40432.6 1.134989e-04 7.223838e-05 1.223078e-04 1.524395e-04 1.586857e-04 7.537354e-05 1.511600e-04 2.684285e-04 7.144605e-04 4.558114e-02 9.978736e-01 1.290570e-02 4.132298e-04 1.372406e-04 8.015797e-05 7.058662e-05 6.152278e-05
40464.2 7.238639e-05 2.625451e-05 8.236466e-05 1.041932e-04 1.530923e-04 1.033238e-04 1.110051e-04 2.805596e-04 7.898170e-04 9.478226e-02 1.005145e+00 5.369844e-03 3.754495e-04 1.175553e-04 9.155249e-05 7.841129e-05 6.582328e-05
40493.0 8.101771e-05 4.331597e-05 1.339867e-04 8.201716e-05 1.627656e-04 9.319456e-05 1.154460e-04 3.392367e-04 9.067936e-04 1.725918e-01 9.834679e-01 3.737845e-03 3.434291e-04 1.252951e-04 1.009327e-04 8.844532e-05 4.303219e-05
40521.8 1.774557e-04 1.301956e-04 1.944119e-04 1.417801e-04 2.030080e-04 1.243133e-04 1.511622e-04 3.924299e-04 1.033191e-03 2.636173e-01 9.220668e-01 3.392623e-03 3.310596e-04 1.295555e-04 8.756820e-05 7.442415e-05 3.792782e-05
40553.4 1.222295e-04 1.140572e-04 1.136238e-04 1.098849e-04 1.547033e-04 1.607378e-04 1.608738e-04 3.746847e-04 1.407475e-03 3.851279e-01 7.891039e-01 3.295094e-03 2.410327e-04 1.001853e-04 3.782557e-05 2.016544e-05 3.750467e-05
40582.2 1.760204e-04 1.972686e-04 1.618593e-04 1.411297e-04 1.378639e-04 1.893202e-04 1.987657e-04 4.158973e-04 2.315498e-03 5.348159e-01 6.310545e-01 2.692196e-03 2.356906e-04 9.991544e-05 1.676946e-05 3.092811e-05 3.060610e-05
40613.8 1.697546e-04 2.189723e-04 1.887634e-04 1.365038e-04 1.408496e-04 1.359049e-04 1.821109e-04 4.539821e-04 3.515603e-03 6.949484e-01 4.681690e-01 1.755190e-03 2.106556e-04 1.001727e-04 2.797778e-05 5.632445e-05 2.138209e-05
40642.6 1.663551e-04 2.153951e-04 2.107750e-04 2.432810e-04 1.924620e-04 1.890104e-04 1.650741e-04 5.614775e-04 4.202392e-03 8.296087e-01 3.436545e-01 1.087058e-03 2.100969e-04 1.243456e-04 3.480550e-05 6.509574e-05 3.177439e-05
40674.2 8.030241e-05 1.246995e-04 1.185765e-04 2.117531e-04 1.272334e-04 1.867619e-04 1.139476e-04 6.609569e-04 4.704770e-03 9.515503e-01 2.131524e-01 6.471691e-04 1.717544e-04 1.173589e-04 6.187564e-05 4.977715e-05 3.466599e-05
40703.0 1.167884e-04 1.411653e-04 1.610018e-04 2.124846e-04 8.789919e-05 1.811839e-04 1.701312e-04 7.281850e-04 5.293994e-03 1.004753e+00 1.204120e-01 5.269043e-04 1.740685e-04 1.287649e-04 7.354951e-05 6.176731e-05 4.264835e-05
40731.7 3.907005e-05 8.357074e-05 1.008160e-04 9.214448e-05 1.722301e-06 7.095858e-05 1.655396e-04 6.678421e-04 9.098856e-03 9.995601e-01 7.152173e-02 5.027223e-04 1.267342e-04 9.217655e-05 4.799473e-05 4.347751e-05 4.308972e-05
40763.3 4.208207e-05 9.439252e-05 1.118784e-04 8.855528e-05 1.699709e-05 5.589755e-05 1.704866e-04 6.415202e-04 2.324028e-02 9.997659e-01 3.210752e-02 4.152768e-04 1.021858e-04 6.606750e-05 3.439309e-05 2.261362e-05 3.826181e-05
40792.0 3.531943e-05 7.556321e-05 5.273772e-05 3.354792e-05 1.133904e-05 6.370318e-05 1.874974e-04 7.410964e-04 5.304728e-02 9.993805e-01 1.022474e-02 3.824473e-04 9.212150e-05 5.993989e-05 7.413228e-05 1.960035e-05 1.711499e-05
40823.7 0.000000e+00 0.000000e+00 0.000000e+00 6.987117e-06 1.714903e-05 5.854734e-05 1.852681e-04 8.208371e-04 1.004757e-01 1.005829e+00 3.994092e-03 3.488482e-04 7.975597e-05 5.984506e-05 7.738139e-05 2.192385e-05 8.357119e-06
40852.4 0.000000e+00 0.000000e+00 0.000000e+00 0.000000e+00 4.345645e-06 0.000000e+00 1.514784e-04 7.677632e-04 1.684492e-01 9.872743e-01 3.422052e-03 2.135844e-04 2.080460e-05 2.495640e-05 3.100876e-05 0.000000e+00 0.000000e+00
40884.0 0.000000e+00 0.000000e+00 4.708583e-06 1.234683e-05 8.607985e-05 4.392794e-06 2.000346e-04 9.355997e-04 2.854942e-01 8.949995e-01 3.368432e-03 9.915099e-05 2.527560e-05 4.443375e-06 4.799310e-06 0.000000e+00 0.000000e+00
40912.7 0.000000e+00 0.000000e+00 6.250927e-05 9.640384e-06 8.877775e-05 2.338238e-05 2.440937e-04 1.420808e-03 4.016847e-01 7.743783e-01 2.984683e-03 9.695893e-05 2.912789e-05 2.494611e-06 1.243502e-05 0.000000e+00 0.000000e+00
40944.3 0.000000e+00 0.000000e+00 6.707102e-06 0.000000e+00 0.000000e+00 0.000000e+00 2.426583e-04 2.332822e-03 5.529502e-01 6.142693e-01 2.182810e-03 6.041243e-05 0.000000e+00 0.000000e+00 0.000000e+00 0.000000e+00 0.000000e+00
40973.1 0.000000e+00 0.000000e+00 0.000000e+00 0.000000e+00 0.000000e+00 0.000000e+00 2.926790e-04 3.427937e-03 7.141250e-01 4.543979e-01 1.223334e-03 1.205904e-05 0.000000e+00 0.000000e+00 0.000000e+00 0.000000e+00 0.000000e+00
41001.8 0.000000e+00 3.089297e-05 1.515921e-05 1.791125e-05 5.411342e-06 1.683167e-05 4.018368e-04 4.410254e-03 8.678298e-01 3.120754e-01 6.130300e-04 1.053728e-05 2.426264e-06 0.000000e+00 0.000000e+00 0.000000e+00 0.000000e+00
41033.4 1.085260e-05 2.270099e-05 2.660327e-05 1.096898e-05 1.476255e-05 1.643675e-05 4.757273e-04 4.709157e-03 9.635726e-01 2.061961e-01 4.015846e-04 1.096168e-05 0.000000e+00 0.000000e+00 0.000000e+00 0.000000e+00 0.000000e+00
41062.1 0.000000e+00 0.000000e+00 1.464017e-05 7.357940e-06 0.000000e+00 6.672413e-06 5.313915e-04 5.167311e-03 1.000458e+00 1.225249e-01 3.060702e-04 0.000000e+00 0.000000e+00 0.000000e+00 0.000000e+00 0.000000e+00 0.000000e+00
41093.7 0.000000e+00 3.504253e-05 0.000000e+00 2.061872e-05 0.000000e+00 3.587293e-05 5.724634e-04 9.483295e-03 1.001908e+00 5.549822e-02 2.147373e-04 0.000000e+00 0.000000e+00 0.000000e+00 0.000000e+00 0.000000e+00 0.000000e+00
41122.4 0.000000e+00 4.693054e-05 0.000000e+00 1.873550e-05 0.000000e+00 8.108352e-05 5.841222e-04 1.876888e-02 9.994433e-01 2.659448e-02 1.833309e-04 0.000000e+00 0.000000e+00 0.000000e+00 0.000000e+00 0.000000e+00 0.000000e+00
41154.1 0.000000e+00 0.000000e+00 0.000000e+00 0.000000e+00 0.000000e+00 9.544272e-05 5.833662e-04 4.762873e-02 9.993164e-01 1.186976e-02 9.729715e-05 0.000000e+00 0.000000e+00 0.000000e+00 0.000000e+00 0.000000e+00 0.000000e+00
41182.8 0.000000e+00 0.000000e+00 0.000000e+00 0.000000e+00 0.000000e+00 4.125170e-05 6.230245e-04 1.007739e-01 1.004965e+00 5.783636e-03 3.008968e-05 0.000000e+00 0.000000e+00 0.000000e+00 0.000000e+00 0.000000e+00 0.000000e+00
41214.3 0.000000e+00 0.000000e+00 0.000000e+00 0.000000e+00 0.000000e+00 9.963057e-06 6.718011e-04 1.729730e-01 9.952339e-01 3.000832e-03 3.167582e-05 0.000000e+00 0.000000e+00 0.000000e+00 0.000000e+00 0.000000e+00 0.000000e+00
41243.0 0.000000e+00 1.069628e-05 1.161203e-05 0.000000e+00 0.000000e+00 1.235893e-04 9.303371e-04 2.647518e-01 9.160540e-01 3.317865e-03 2.485121e-05 0.000000e+00 0.000000e+00 0.000000e+00 0.000000e+00 0.000000e+00 0.000000e+00
41271.8 0.000000e+00 1.893396e-05 3.701306e-05 0.000000e+00 0.000000e+00 1.676911e-04 1.471693e-03 4.017436e-01 7.634152e-01 3.004774e-03 7.278574e-06 0.000000e+00 0.000000e+00 0.000000e+00 0.000000e+00 0.000000e+00 0.000000e+00
41303.3 4.259217e-05 6.996218e-05 8.136293e-05 6.453129e-05 1.234680e-05 2.146095e-04 2.244488e-03 5.539877e-01 6.037206e-01 2.316050e-03 1.725567e-05 0.000000e+00 0.000000e+00 0.000000e+00 0.000000e+00 0.000000e+00 0.000000e+00
41332.0 5.170259e-05 6.541146e-05 6.351842e-05 7.277215e-05 3.509963e-06 2.440174e-04 2.975687e-03 6.893900e-01 4.694784e-01 1.380031e-03 2.569479e-05 0.000000e+00 0.000000e+00 0.000000e+00 0.000000e+00 0.000000e+00 0.000000e+00
41363.6 2.497025e-05 3.218426e-06 3.688118e-05 3.600613e-05 0.000000e+00 3.339093e-04 3.855230e-03 8.586035e-01 3.142521e-01 5.815214e-04 8.124182e-06 0.000000e+00 0.000000e+00 0.000000e+00 0.000000e+00 0.000000e+00 0.000000e+00
41392.3 0.000000e+00 0.000000e+00 1.460067e-05 1.711708e-05 0.000000e+00 3.450927e-04 4.352272e-03 9.748983e-01 1.916333e-01 2.098146e-04 0.000000e+00 0.000000e+00 0.000000e+00 0.000000e+00 0.000000e+00 0.000000e+00 0.000000e+00
41423.8 0.000000e+00 0.000000e+00 0.000000e+00 0.000000e+00 0.000000e+00 3.548772e-04 4.943004e-03 1.005577e+00 1.143532e-01 1.575721e-04 0.000000e+00 0.000000e+00 0.000000e+00 0.000000e+00 0.000000e+00 0.000000e+00 0.000000e+00
41452.5 0.000000e+00 0.000000e+00 0.000000e+00 0.000000e+00 0.000000e+00 2.629372e-04 7.975274e-03 1.000605e+00 6.264746e-02 2.407895e-05 0.000000e+00 0.000000e+00 0.000000e+00 0.000000e+00 0.000000e+00 0.000000e+00 0.000000e+00
41484.1 0.000000e+00 0.000000e+00 0.000000e+00 0.000000e+00 0.000000e+00 2.833976e-04 2.112888e-02 9.988682e-01 2.433566e-02 1.796271e-05 0.000000e+00 0.000000e+00 0.000000e+00 0.000000e+00 0.000000e+00 0.000000e+00 0.000000e+00
41512.8 0.000000e+00 0.000000e+00 0.000000e+00 0.000000e+00 0.000000e+00 3.399308e-04 4.237915e-02 9.981101e-01 8.441128e-03 4.395667e-05 0.000000e+00 0.000000e+00 0.000000e+00 0.000000e+00 0.000000e+00 0.000000e+00 0.000000e+00
41544.4 0.000000e+00 0.000000e+00 0.000000e+00 0.000000e+00 0.000000e+00 4.248514e-04 8.795801e-02 1.005882e+00 3.430909e-03 3.141942e-05 0.000000e+00 0.000000e+00 0.000000e+00 0.000000e+00 0.000000e+00 0.000000e+00 0.000000e+00
41573.0 0.000000e+00 0.000000e+00 0.000000e+00 0.000000e+00 6.097233e-05 5.038395e-04 1.644423e-01 9.813986e-01 3.181990e-03 6.739810e-06 0.000000e+00 0.000000e+00 0.000000e+00 0.000000e+00 0.000000e+00 0.000000e+00 0.000000e+00
41601.7 0.000000e+00 1.807840e-05 0.000000e+00 3.600649e-05 2.119519e-04 6.533762e-04 2.539249e-01 9.157805e-01 3.372616e-03 3.776297e-06 0.000000e+00 0.000000e+00 0.000000e+00 0.000000e+00 0.000000e+00 0.000000e+00 0.000000e+00
41633.3 6.347937e-05 5.021867e-05 2.552443e-05 6.514504e-05 2.107448e-04 1.185953e-03 3.844192e-01 7.706848e-01 3.069630e-03 3.646251e-05 0.000000e+00 0.000000e+00 0.000000e+00 0.000000e+00 0.000000e+00 0.000000e+00 0.000000e+00
41661.9 8.546901e-05 2.637867e-05 5.691449e-05 6.760475e-05 1.620017e-04 1.974007e-03 5.392523e-01 6.076215e-01 2.092651e-03 4.723215e-05 0.000000e+00 0.000000e+00 0.000000e+00 0.000000e+00 0.000000e+00 0.000000e+00 0.000000e+00
41693.5 1.207999e-04 1.117807e-04 1.612048e-04 1.587757e-04 2.969137e-04 3.026025e-03 7.052514e-01 4.413661e-01 1.065658e-03 5.486513e-05 0.000000e+00 0.000000e+00 0.000000e+00 0.000000e+00 0.000000e+00 0.000000e+00 0.000000e+00
41722.2 8.824176e-05 1.330420e-04 1.330851e-04 1.565955e-04 3.139150e-04 3.895416e-03 8.335630e-01 3.269760e-01 6.458495e-04 3.493121e-05 0.000000e+00 0.000000e+00 0.000000e+00 0.000000e+00 0.000000e+00 0.000000e+00 0.000000e+00
41753.6 5.515817e-05 6.815992e-05 6.356992e-05 7.655682e-05 3.162063e-04 4.489317e-03 9.518037e-01 2.058189e-01 4.885400e-04 1.366848e-05 0.000000e+00 2.051475e-06 0.000000e+00 0.000000e+00 0.000000e+00 0.000000e+00 0.000000e+00
41782.3 6.888847e-05 2.961740e-06 2.308143e-05 4.349698e-05 3.378951e-04 5.292610e-03 1.004480e+00 1.135531e-01 3.988871e-04 0.000000e+00 0.000000e+00 4.031203e-06 0.000000e+00 0.000000e+00 0.000000e+00 0.000000e+00 0.000000e+00
41813.8 8.502258e-05 3.835002e-05 7.747194e-05 1.600716e-04 3.836464e-04 7.122692e-03 1.001357e+00 5.776779e-02 4.039881e-04 0.000000e+00 5.090428e-06 1.102953e-05 0.000000e+00 0.000000e+00 0.000000e+00 0.000000e+00 0.000000e+00
41842.5 1.675276e-04 6.779726e-05 7.086381e-05 1.829542e-04 4.753811e-04 1.570759e-02 9.984009e-01 3.011009e-02 4.062540e-04 0.000000e+00 3.165104e-05 1.479872e-05 4.279526e-06 6.308460e-06 0.000000e+00 7.737792e-06 1.802597e-07
41874.0 1.572755e-04 4.489633e-05 1.891219e-05 8.403361e-05 4.891718e-04 4.189942e-02 9.977019e-01 1.277558e-02 3.244300e-04 0.000000e+00 0.000000e+00 0.000000e+00 0.000000e+00 0.000000e+00 0.000000e+00 0.000000e+00 0.000000e+00
41902.7 1.070902e-04 1.431609e-05 4.558207e-06 8.830920e-05 5.234473e-04 7.548293e-02 1.005179e+00 4.661712e-03 2.511232e-04 0.000000e+00 0.000000e+00 0.000000e+00 0.000000e+00 0.000000e+00 0.000000e+00 0.000000e+00 0.000000e+00
41934.2 7.346244e-05 0.000000e+00 0.000000e+00 1.301702e-04 6.160875e-04 1.477210e-01 9.858092e-01 3.719460e-03 1.701593e-04 0.000000e+00 0.000000e+00 0.000000e+00 0.000000e+00 0.000000e+00 0.000000e+00 0.000000e+00 0.000000e+00
41962.9 1.502927e-04 7.797532e-06 5.455661e-05 1.988224e-04 8.409659e-04 2.534707e-01 9.050942e-01 3.686329e-03 1.383116e-04 1.002970e-05 1.644400e-05 0.000000e+00 0.000000e+00 0.000000e+00 0.000000e+00 0.000000e+00 0.000000e+00
41994.4 1.880493e-04 5.004475e-05 1.309912e-04 3.405065e-04 1.097542e-03 3.768586e-01 7.795037e-01 3.422368e-03 9.896684e-05 2.695014e-05 2.735388e-05 5.297850e-06 0.000000e+00 1.047880e-05 6.743388e-06 7.403112e-06 0.000000e+00
42023.1 5.300882e-05 0.000000e+00 0.000000e+00 3.558839e-04 1.635071e-03 5.009193e-01 6.468536e-01 2.512942e-03 5.813394e-05 0.000000e+00 0.000000e+00 0.000000e+00 0.000000e+00 2.692318e-07 0.000000e+00 0.000000e+00 0.000000e+00
42051.7 0.000000e+00 0.000000e+00 0.000000e+00 3.501713e-04 2.634538e-03 6.544906e-01 4.943990e-01 1.450405e-03 2.120915e-05 0.000000e+00 0.000000e+00 0.000000e+00 0.000000e+00 0.000000e+00 0.000000e+00 0.000000e+00 0.000000e+00
42083.2 0.000000e+00 0.000000e+00 0.000000e+00 4.156582e-04 3.779526e-03 8.213868e-01 3.371881e-01 6.404281e-04 2.698361e-05 0.000000e+00 0.000000e+00 0.000000e+00 0.000000e+00 0.000000e+00 0.000000e+00 0.000000e+00 0.000000e+00
42111.8 1.381259e-05 0.000000e+00 1.840323e-06 3.610593e-04 4.236481e-03 9.271243e-01 2.368097e-01 3.693507e-04 2.696092e-05 0.000000e+00 6.316651e-06 2.083774e-07 0.000000e+00 0.000000e+00 0.000000e+00 0.000000e+00 0.000000e+00
42143.3 4.803041e-05 0.000000e+00 0.000000e+00 2.854873e-04 4.360059e-03 9.915736e-01 1.424476e-01 2.502031e-04 4.036162e-05 0.000000e+00 2.596780e-05 2.609042e-05 0.000000e+00 0.000000e+00 0.000000e+00 0.000000e+00 0.000000e+00
42172.0 1.430306e-05 0.000000e+00 0.000000e+00 3.642103e-04 6.811753e-03 1.005336e+00 7.462378e-02 2.147023e-04 2.164626e-06 0.000000e+00 4.326118e-05 3.202503e-05 0.000000e+00 0.000000e+00 0.000000e+00 0.000000e+00 0.000000e+00
42203.5 4.930056e-05 0.000000e+00 1.655497e-04 5.902288e-04 1.137163e-02 9.982164e-01 3.139290e-02 2.806535e-04 2.586456e-05 0.000000e+00 6.461841e-05 1.530242e-05 0.000000e+00 0.000000e+00 4.171745e-06 0.000000e+00 0.000000e+00
42232.1 1.776705e-05 0.000000e+00 2.257468e-04 6.107765e-04 3.059281e-02 9.982058e-01 1.327363e-02 2.148101e-04 2.956110e-05 0.000000e+00 4.052471e-05 0.000000e+00 0.000000e+00 0.000000e+00 0.000000e+00 1.431528e-06 0.000000e+00
42263.6 0.000000e+00 0.000000e+00 9.013144e-05 4.744398e-04 7.588262e-02 1.002060e+00 5.399336e-03 1.368503e-04 2.241595e-05 0.000000e+00 2.803063e-05 0.000000e+00 4.836327e-06 0.000000e+00 0.000000e+00 1.039637e-05 0.000000e+00
42292.2 0.000000e+00 0.000000e+00 0.000000e+00 2.817069e-04 1.316220e-01 1.002414e+00 3.084139e-03 0.000000e+00 0.000000e+00 0.000000e+00 0.000000e+00 0.000000e+00 0.000000e+00 0.000000e+00 0.000000e+00 0.000000e+00 0.000000e+00
42323.7 0.000000e+00 0.000000e+00 0.000000e+00 3.508262e-04 2.222401e-01 9.430850e-01 3.386528e-03 1.696063e-06 0.000000e+00 0.000000e+00 0.000000e+00 0.000000e+00 0.000000e+00 0.000000e+00 0.000000e+00 0.000000e+00 0.000000e+00
42352.3 2.786037e-05 0.000000e+00 1.124947e-04 8.780612e-04 3.465721e-01 8.141893e-01 3.100815e-03 1.816098e-05 6.910223e-06 1.519337e-06 0.000000e+00 0.000000e+00 3.747021e-06 0.000000e+00 0.000000e+00 0.000000e+00 2.421585e-06
42383.8 3.090763e-06 0.000000e+00 1.125373e-04 1.833393e-03 5.159121e-01 6.294424e-01 2.300724e-03 1.962320e-05 3.008173e-05 1.520767e-07 1.010278e-05 0.000000e+00 1.641999e-05 0.000000e+00 8.608095e-06 0.000000e+00 5.303019e-06
42412.4 1.922673e-04 1.243253e-04 3.382824e-04 2.820515e-03 6.486432e-01 4.945263e-01 1.576078e-03 7.820290e-05 8.394357e-05 6.051086e-05 4.661467e-05 5.407684e-05 5.390732e-05 5.331902e-07 4.211757e-05 1.533516e-05 2.248608e-05
42443.9 2.070869e-04 1.476307e-04 4.064560e-04 3.735200e-03 7.946357e-01 3.564400e-01 7.970352e-04 3.520238e-05 9.034659e-05 2.992962e-05 4.316517e-05 4.410262e-05 4.053215e-05 0.000000e+00 2.842828e-05 2.707866e-06 7.200081e-06
42472.5 0.000000e+00 5.822455e-05 2.476657e-04 4.389665e-03 9.153535e-01 2.363965e-01 3.347310e-04 0.000000e+00 0.000000e+00 0.000000e+00 2.870045e-07 0.000000e+00 0.000000e+00 0.000000e+00 0.000000e+00 0.000000e+00 0.000000e+00
42504.0 0.000000e+00 0.000000e+00 4.250914e-05 4.462970e-03 9.951299e-01 1.347134e-01 2.551584e-06 0.000000e+00 0.000000e+00 0.000000e+00 0.000000e+00 0.000000e+00 0.000000e+00 0.000000e+00 0.000000e+00 0.000000e+00 0.000000e+00
42532.6 0.000000e+00 0.000000e+00 1.916552e-04 5.928427e-03 1.003316e+00 7.989740e-02 1.155612e-05 0.000000e+00 0.000000e+00 2.242214e-06 0.000000e+00 0.000000e+00 0.000000e+00 5.116173e-06 0.000000e+00 0.000000e+00 0.000000e+00
42564.1 0.000000e+00 0.000000e+00 1.856246e-04 1.344690e-02 9.988915e-01 3.449553e-02 2.553984e-06 0.000000e+00 0.000000e+00 0.000000e+00 0.000000e+00 0.000000e+00 0.000000e+00 0.000000e+00 0.000000e+00 0.000000e+00 0.000000e+00
42592.7 0.000000e+00 0.000000e+00 2.519079e-05 2.572735e-02 9.996298e-01 9.802836e-03 0.000000e+00 0.000000e+00 0.000000e+00 0.000000e+00 0.000000e+00 0.000000e+00 0.000000e+00 0.000000e+00 0.000000e+00 0.000000e+00 0.000000e+00
42624.1 0.000000e+00 0.000000e+00 2.334181e-04 5.878656e-02 1.002886e+00 5.227017e-03 0.000000e+00 0.000000e+00 0.000000e+00 0.000000e+00 0.000000e+00 0.000000e+00 0.000000e+00 0.000000e+00 0.000000e+00 0.000000e+00 0.000000e+00
42652.7 0.000000e+00 3.003948e-04 6.706973e-04 1.170602e-01 9.999308e-01 4.177694e-03 8.877018e-05 8.307506e-06 2.093854e-06 2.202907e-06 4.370721e-05 0.000000e+00 0.000000e+00 1.879705e-05 0.000000e+00 0.000000e+00 0.000000e+00
42684.1 3.188941e-04 4.498359e-04 9.407676e-04 2.046113e-01 9.579892e-01 4.053089e-03 1.837263e-04 1.155617e-04 9.434050e-05 6.108198e-05 1.319759e-04 7.109950e-05 2.713680e-05 1.002931e-04 1.902664e-05 3.205177e-05 3.436036e-06
42712.7 2.137112e-04 1.828490e-04 9.106956e-04 3.006534e-01 8.633191e-01 3.610720e-03 1.073230e-04 6.149098e-05 6.265826e-05 2.529444e-05 8.716070e-05 3.642787e-05 3.357185e-06 4.726271e-05 0.000000e+00 7.967256e-06 0.000000e+00
42744.2 1.243070e-04 1.774774e-04 1.520944e-03 4.465042e-01 7.021126e-01 2.893694e-03 5.586914e-05 6.083020e-05 1.531598e-05 2.862076e-05 3.806107e-05 5.177862e-05 3.479849e-05 5.487948e-05 0.000000e+00 2.464008e-05 0.000000e+00
42772.8 1.960443e-04 4.178960e-04 2.540167e-03 6.046246e-01 5.404255e-01 1.987764e-03 1.482327e-04 8.680774e-05 3.882422e-05 8.347131e-05 3.618413e-05 1.136566e-04 7.345766e-05 1.278529e-04 3.329906e-05 4.682071e-05 3.098696e-05
42804.2 3.585188e-04 5.671475e-04 3.747622e-03 7.596378e-01 3.913145e-01 1.088134e-03 2.318225e-04 8.576036e-05 1.216370e-04 1.337974e-04 3.331287e-05 1.333475e-04 8.479165e-05 1.097704e-04 8.978696e-05 3.544585e-05 4.263005e-05
42832.8 2.967192e-04 4.041923e-04 4.527684e-03 8.828058e-01 2.754743e-01 5.625282e-04 1.466004e-04 5.972474e-07 1.401270e-04 9.111613e-05 7.391021e-06 6.035463e-05 4.600157e-05 4.488513e-05 8.326353e-05 1.508338e-05 2.410803e-05
42864.2 2.511229e-04 3.829204e-04 5.220038e-03 9.775044e-01 1.593227e-01 5.731054e-04 3.919903e-05 5.948458e-05 9.018274e-05 6.487903e-05 2.449813e-05 3.111832e-05 3.817091e-05 7.487589e-05 6.189458e-05 4.292325e-05 5.664960e-06
42892.8 1.276002e-04 2.686417e-04 5.354758e-03 1.008720e+00 8.348608e-02 4.326339e-04 0.000000e+00 6.715961e-05 2.928138e-05 3.586447e-05 0.000000e+00 8.583993e-06 6.508705e-06 8.154434e-05 2.550440e-05 1.847434e-05 1.113000e-05
42924.3 7.668486e-05 2.300265e-04 8.949479e-03 9.982466e-01 4.444370e-02 2.720187e-04 0.000000e+00 5.485411e-05 2.313330e-06 0.000000e+00 0.000000e+00 1.158499e-05 1.430177e-05 1.999148e-05 0.000000e+00 0.000000e+00 6.764739e-06
42952.8 7.535912e-05 2.773552e-04 2.222219e-02 9.986227e-01 1.994689e-02 1.887264e-04 0.000000e+00 2.950695e-05 6.417234e-06 1.911267e-05 1.641700e-05 3.988013e-05 1.866283e-05 1.354512e-06 0.000000e+00 2.137472e-05 6.068560e-06
42984.3 1.216543e-04 5.977587e-04 5.555873e-02 9.989748e-01 6.057428e-03 2.034656e-04 0.000000e+00 4.507529e-05 3.293957e-05 8.212729e-05 1.056817e-04 8.168060e-05 1.917159e-05 2.683447e-05 7.230542e-06 7.692391e-05 2.551782e-06
43012.8 1.490533e-04 6.663974e-04 9.510711e-02 1.008177e+00 3.796282e-03 1.455914e-04 2.121319e-05 2.864284e-05 5.482294e-05 8.879888e-05 1.140455e-04 9.536592e-05 1.527664e-06 5.049584e-05 4.052511e-05 6.586926e-05 2.496900e-05
43044.3 8.828034e-05 4.191790e-04 1.676981e-01 9.815398e-01 3.565264e-03 7.096961e-05 0.000000e+00 8.514192e-06 3.593700e-05 3.273257e-05 4.658976e-05 1.124779e-04 3.351656e-06 4.438661e-05 4.997223e-05 1.818663e-05 3.312903e-05
43072.8 3.148682e-05 6.107060e-04 2.734915e-01 8.850248e-01 3.279802e-03 7.026526e-05 0.000000e+00 1.825191e-05 4.117732e-05 2.684453e-05 8.458896e-06 6.086417e-05 3.230048e-06 3.255005e-05 2.664327e-05 4.196445e-05 2.026286e-05
43104.2 0.000000e+00 1.185114e-03 3.991197e-01 7.456215e-01 2.695916e-03 2.882471e-05 0.000000e+00 1.693201e-05 4.515325e-05 1.245251e-05 0.000000e+00 0.000000e+00 0.000000e+00 0.000000e+00 0.000000e+00 2.103671e-05 0.000000e+00
43132.8 5.697499e-05 1.965828e-03 5.344348e-01 6.037683e-01 1.758334e-03 4.265263e-05 0.000000e+00 1.674493e-05 4.273461e-05 2.300221e-05 2.515894e-05 0.000000e+00 9.690666e-07 0.000000e+00 1.563680e-05 3.518774e-06 8.912660e-06
43164.2 1.493305e-05 2.822496e-03 7.134150e-01 4.273120e-01 5.135213e-04 0.000000e+00 0.000000e+00 0.000000e+00 0.000000e+00 0.000000e+00 5.322545e-06 0.000000e+00 0.000000e+00 0.000000e+00 0.000000e+00 0.000000e+00 0.000000e+00
43192.7 3.305476e-04 3.991174e-03 8.590096e-01 2.943245e-01 2.425464e-04 1.566648e-04 1.126515e-05 7.797968e-05 4.583317e-05 7.272465e-05 1.811355e-05 0.000000e+00 3.132025e-05 7.145910e-06 0.000000e+00 0.000000e+00 0.000000e+00
43224.2 4.433239e-04 4.608963e-03 9.522009e-01 1.963893e-01 3.746206e-04 2.921469e-04 1.457926e-05 1.137071e-04 6.693376e-05 8.465950e-05 2.765636e-05 0.000000e+00 6.722747e-05 2.058345e-05 3.995158e-06 1.579590e-05 0.000000e+00
43252.7 5.222878e-04 5.460038e-03 9.946474e-01 1.149171e-01 4.197938e-04 2.109953e-04 6.604650e-05 1.272347e-04 8.309110e-05 6.054453e-05 9.005743e-05 4.257234e-05 6.205127e-05 1.358004e-05 3.779909e-05 2.858679e-05 2.256378e-05
43284.1 4.426432e-04 7.316169e-03 1.002788e+00 5.113597e-02 3.560541e-04 0.000000e+00 7.392386e-05 7.877147e-05 4.233567e-05 4.258038e-06 7.360495e-05 3.373323e-05 0.000000e+00 2.801454e-06 1.305640e-05 0.000000e+00 1.255004e-05
43312.6 5.512912e-04 1.335029e-02 9.995394e-01 2.575405e-02 3.025155e-04 9.061541e-06 4.558490e-05 6.453365e-05 6.199056e-05 1.568259e-05 5.940503e-05 4.607238e-05 4.450389e-05 2.243660e-05 4.653802e-06 0.000000e+00 8.781402e-06
43344.1 4.846578e-04 3.364939e-02 9.998026e-01 1.037639e-02 1.097842e-04 0.000000e+00 0.000000e+00 2.931444e-05 2.647777e-05 4.177587e-06 1.100604e-05 1.880545e-05 5.876115e-05 9.255842e-06 1.848530e-05 0.000000e+00 1.116703e-05
43372.6 6.113938e-04 7.609132e-02 1.001889e+00 4.387114e-03 1.709633e-04 2.032586e-05 3.504597e-05 7.718624e-05 2.607030e-05 4.636485e-05 4.480166e-05 2.639286e-05 4.900242e-05 5.803363e-05 3.027238e-05 1.898243e-05 2.268329e-05
43404.0 8.002884e-04 1.326887e-01 1.005253e+00 3.694092e-03 2.115760e-04 4.164858e-05 3.863566e-05 5.912438e-05 4.949698e-06 5.139899e-05 4.561050e-05 3.164036e-05 1.025289e-06 8.221366e-05 2.761341e-05 4.655898e-05 1.447097e-05
43432.5 1.025260e-03 2.200722e-01 9.391857e-01 3.767919e-03 2.143146e-04 4.970125e-05 4.464183e-05 5.895067e-05 4.984488e-05 7.839463e-05 6.727092e-05 7.039907e-05 2.167908e-06 1.168861e-04 4.208571e-05 1.366629e-04 6.178888e-06
43463.9 1.076588e-03 3.606744e-01 7.850078e-01 3.081670e-03 1.789950e-04 1.800731e-05 1.286787e-05 7.568453e-05 6.298625e-05 8.687151e-05 5.584606e-05 7.452136e-05 7.568994e-06 1.518974e-04 5.529440e-05 1.765675e-04 1.116493e-05
43492.4 1.514529e-03 4.895861e-01 6.434318e-01 2.318529e-03 1.173123e-04 7.441056e-06 0.000000e+00 8.321338e-05 4.577437e-05 7.805692e-05 6.527757e-05 8.332573e-05 2.390881e-05 1.583568e-04 4.270769e-05 1.534908e-04 1.284257e-05
43523.8 2.764496e-03 6.331341e-01 5.004901e-01 1.393667e-03 0.000000e+00 0.000000e+00 0.000000e+00 5.017241e-05 0.000000e+00 4.011536e-05 1.523716e-05 1.910801e-06 1.917535e-05 2.580775e-05 2.978833e-05 3.808547e-05 0.000000e+00
43552.4 3.994902e-03 7.889726e-01 3.546977e-01 7.317575e-04 0.000000e+00 5.646120e-06 1.995109e-06 4.990607e-05 0.000000e+00 3.987373e-05 2.985435e-05 0.000000e+00 3.243456e-05 0.000000e+00 4.175791e-05 2.608669e-05 0.000000e+00
43583.7 4.429701e-03 9.375549e-01 2.119597e-01 2.250829e-04 0.000000e+00 0.000000e+00 0.000000e+00 5.571293e-06 0.000000e+00 6.590415e-06 5.050719e-05 0.000000e+00 3.186003e-05 1.094827e-05 2.540714e-05 6.908691e-06 0.000000e+00
43612.2 4.775098e-03 9.947297e-01 1.355487e-01 3.033561e-04 0.000000e+00 1.597366e-05 0.000000e+00 5.734423e-05 2.147671e-05 1.160323e-05 6.450654e-05 0.000000e+00 2.527149e-05 2.565078e-05 8.138458e-06 2.129175e-05 2.465004e-05
43643.6 6.015592e-03 1.003683e+00 7.658336e-02 2.866723e-04 0.000000e+00 0.000000e+00 0.000000e+00 8.576059e-05 2.219062e-05 2.044030e-05 4.534121e-05 0.000000e+00 4.332991e-06 0.000000e+00 2.644804e-05 0.000000e+00 3.850424e-05
43672.1 1.269860e-02 9.987862e-01 3.863447e-02 8.515063e-06 0.000000e+00 0.000000e+00 0.000000e+00 0.000000e+00 0.000000e+00 0.000000e+00 0.000000e+00 0.000000e+00 0.000000e+00 0.000000e+00 0.000000e+00 0.000000e+00 0.000000e+00
43703.5 2.552522e-02 9.964599e-01 1.360547e-02 0.000000e+00 0.000000e+00 0.000000e+00 0.000000e+00 0.000000e+00 0.000000e+00 0.000000e+00 0.000000e+00 0.000000e+00 0.000000e+00 0.000000e+00 0.000000e+00 0.000000e+00 0.000000e+00
43732.0 6.083902e-02 9.964174e-01 7.055433e-03 1.495318e-04 0.000000e+00 0.000000e+00 0.000000e+00 0.000000e+00 0.000000e+00 0.000000e+00 0.000000e+00 0.000000e+00 0.000000e+00 0.000000e+00 0.000000e+00 0.000000e+00 0.000000e+00
43763.3 1.335726e-01 9.971465e-01 4.297061e-03 9.401008e-05 0.000000e+00 0.000000e+00 0.000000e+00 2.149212e-05 1.197011e-05 2.059057e-05 0.000000e+00 0.000000e+00 0.000000e+00 0.000000e+00 0.000000e+00 1.755583e-05 0.000000e+00
43791.8 2.062351e-01 9.771398e-01 3.461633e-03 0.000000e+00 0.000000e+00 0.000000e+00 0.000000e+00 0.000000e+00 0.000000e+00 0.000000e+00 0.000000e+00 0.000000e+00 0.000000e+00 0.000000e+00 0.000000e+00 0.000000e+00 0.000000e+00
43823.2 3.157169e-01 8.763736e-01 4.136157e-03 2.932525e-04 1.561065e-04 1.431783e-04 2.826982e-04 2.714433e-04 1.751708e-04 1.667195e-04 8.069446e-05 1.344330e-04 1.037818e-04 9.119893e-05 8.097752e-05 8.816066e-05 9.520225e-05
43851.7 4.541921e-01 7.266551e-01 3.195464e-03 4.117049e-04 2.354056e-04 3.037980e-04 4.611765e-04 3.677570e-04 3.172112e-04 1.892817e-04 1.600754e-04 1.997721e-04 2.159474e-04 1.463884e-04 1.112938e-04 1.334205e-04 1.724978e-04
43883.0 6.251328e-01 5.515312e-01 1.768214e-03 4.807365e-04 3.053580e-04 4.603915e-04 5.186014e-04 3.647210e-04 4.269425e-04 2.105665e-04 1.380808e-04 2.179557e-04 2.133381e-04 1.434023e-04 1.088523e-04 1.168437e-04 1.986943e-04
43914.3 7.621245e-01 4.140988e-01 1.105526e-03 3.583884e-04 2.771781e-04 4.274288e-04 5.174698e-04 3.167178e-04 3.665899e-04 1.978864e-04 8.944028e-05 1.973650e-04 1.466833e-04 8.712057e-05 7.180347e-05 1.070632e-04 1.667521e-04
43942.9 8.887720e-01 2.957036e-01 8.185840e-04 2.490289e-04 1.962618e-04 3.066134e-04 4.897248e-04 3.258976e-04 2.940127e-04 1.461305e-04 8.761734e-05 1.820267e-04 1.897361e-04 8.603339e-05 1.064640e-04 1.189784e-04 1.706147e-04
43974.2 9.694382e-01 1.879749e-01 2.733225e-04 0.000000e+00 0.000000e+00 5.325446e-05 2.152075e-04 1.084746e-04 9.695496e-05 2.036971e-05 1.358212e-05 6.740906e-05 1.391712e-04 2.692243e-05 6.504048e-05 4.032183e-05 8.642002e-05
44002.7 9.807524e-01 1.253548e-01 7.937870e-05 9.515068e-06 0.000000e+00 3.751464e-05 6.140807e-05 2.951587e-05 2.913494e-05 6.609136e-06 0.000000e+00 2.252642e-05 5.040923e-05 4.648521e-06 3.233756e-05 0.000000e+00 3.886199e-05
44034.0 9.587350e-01 8.432102e-02 0.000000e+00 0.000000e+00 0.000000e+00 0.000000e+00 0.000000e+00 0.000000e+00 0.000000e+00 0.000000e+00 0.000000e+00 0.000000e+00 0.000000e+00 0.000000e+00 0.000000e+00 0.000000e+00 0.000000e+00
44062.5 9.621813e-01 4.809079e-02 1.618005e-07 0.000000e+00 0.000000e+00 0.000000e+00 0.000000e+00 0.000000e+00 0.000000e+00 0.000000e+00 0.000000e+00 0.000000e+00 0.000000e+00 0.000000e+00 0.000000e+00 0.000000e+00 0.000000e+00
44093.8 9.626046e-01 2.066341e-02 0.000000e+00 0.000000e+00 0.000000e+00 0.000000e+00 0.000000e+00 0.000000e+00 0.000000e+00 0.000000e+00 0.000000e+00 0.000000e+00 5.305484e-27 4.950867e-29 0.000000e+00 0.000000e+00 0.000000e+00
44122.3 9.670698e-01 1.323502e-02 0.000000e+00 0.000000e+00 0.000000e+00 0.000000e+00 0.000000e+00 0.000000e+00 0.000000e+00 0.000000e+00 0.000000e+00 0.000000e+00 0.000000e+00 0.000000e+00 0.000000e+00 0.000000e+00 0.000000e+00
44153.6 9.263297e-01 7.514443e-03 0.000000e+00 0.000000e+00 0.000000e+00 0.000000e+00 0.000000e+00 0.000000e+00 0.000000e+00 0.000000e+00 0.000000e+00 0.000000e+00 0.000000e+00 0.000000e+00 0.000000e+00 0.000000e+00 0.000000e+00
44182.1 8.243551e-01 4.029343e-03 0.000000e+00 0.000000e+00 0.000000e+00 2.325324e-14 7.585635e-17 2.690724e-18 0.000000e+00 0.000000e+00 0.000000e+00 2.410886e-27 1.315466e-27 0.000000e+00 5.167363e-31 0.000000e+00 0.000000e+00
44213.4 6.843331e-01 1.977932e-03 0.000000e+00 2.305834e-11 0.000000e+00 5.194899e-14 2.116190e-16 3.286569e-18 9.374523e-20 6.472485e-23 0.000000e+00 0.000000e+00 0.000000e+00 0.000000e+00 1.154550e-30 3.546381e-33 8.665158e-35
44241.9 5.659774e-01 9.424661e-04 0.000000e+00 0.000000e+00 0.000000e+00 3.657165e-14 1.173861e-16 4.325570e-18 1.455785e-19 0.000000e+00 0.000000e+00 0.000000e+00 0.000000e+00 0.000000e+00 0.000000e+00 2.106881e-33 8.192658e-34
44273.2 4.243051e-01 3.733680e-04 1.545245e-09 0.000000e+00 1.121795e-12 0.000000e+00 1.167151e-16 2.509397e-18 0.000000e+00 0.000000e+00 0.000000e+00 0.000000e+00 0.000000e+00 0.000000e+00 0.000000e+00 0.000000e+00 5.531465e-34
44301.7 3.164797e-01 7.783963e-05 5.976524e-09 0.000000e+00 1.530950e-12 3.148250e-15 2.397474e-16 2.480657e-18 0.000000e+00 1.344376e-22 0.000000e+00 0.000000e+00 5.447115e-28 0.000000e+00 0.000000e+00 0.000000e+00 0.000000e+00
44333.0 2.180726e-01 3.203207e-05 6.408995e-05 6.829528e-05 6.002352e-05 4.172938e-05 2.706982e-05 3.554638e-05 3.490104e-05 1.377030e-05 7.846353e-06 2.606476e-05 1.379671e-05 4.882745e-06 2.538709e-05 1.667926e-05 1.617707e-05
44364.2 1.350546e-01 0.000000e+00 0.000000e+00 0.000000e+00 0.000000e+00 0.000000e+00 0.000000e+00 0.000000e+00 0.000000e+00 0.000000e+00 0.000000e+00 0.000000e+00 0.000000e+00 0.000000e+00 0.000000e+00 0.000000e+00 0.000000e+00
44392.7 8.256064e-02 0.000000e+00 0.000000e+00 0.000000e+00 0.000000e+00 0.000000e+00 0.000000e+00 0.000000e+00 0.000000e+00 0.000000e+00 0.000000e+00 0.000000e+00 0.000000e+00 0.000000e+00 0.000000e+00 0.000000e+00 0.000000e+00
44424.0 5.601450e-02 3.277042e-04 0.000000e+00 0.000000e+00 0.000000e+00 0.000000e+00 0.000000e+00 0.000000e+00 0.000000e+00 3.703530e-05 0.000000e+00 2.234065e-05 0.000000e+00 0.000000e+00 0.000000e+00 0.000000e+00 0.000000e+00
44452.4 3.188957e-02 5.519910e-04 2.145569e-04 1.848560e-04 1.620254e-04 1.604043e-04 2.482204e-04 1.770077e-04 7.514525e-05 1.836192e-04 1.396948e-04 1.558181e-04 2.453923e-05 0.000000e+00 3.938135e-05 1.000267e-04 1.144154e-04
44483.7 1.637359e-02 6.276236e-04 5.025116e-04 5.112184e-04 5.132023e-04 3.235120e-04 5.150829e-04 4.161232e-04 3.395977e-04 3.801482e-04 2.754417e-04 1.416470e-04 1.124835e-04 1.529729e-04 1.298945e-04 2.024936e-04 2.453914e-04
44512.2 1.004081e-02 4.402569e-04 3.645271e-04 4.488135e-04 4.076804e-04 2.365475e-04 4.466379e-04 4.306425e-04 2.676662e-04 3.076480e-04 1.964463e-04 6.258479e-05 0.000000e+00 1.266678e-04 9.962307e-05 1.342711e-04 2.018314e-04
44543.5 6.100666e-03 4.367072e-05 0.000000e+00 1.333187e-04 5.175851e-05 4.845803e-05 2.043922e-04 1.806301e-04 1.199920e-04 6.275471e-05 1.036199e-04 1.095740e-05 0.000000e+00 0.000000e+00 4.228696e-05 7.642376e-05 1.424066e-04
44571.9 3.629588e-03 0.000000e+00 0.000000e+00 0.000000e+00 0.000000e+00 0.000000e+00 2.925992e-05 0.000000e+00 1.480833e-05 7.302399e-05 8.103712e-05 2.756663e-06 0.000000e+00 0.000000e+00 5.047232e-05 2.591031e-05 9.921284e-05
44603.2 2.604038e-03 3.380186e-04 2.190408e-04 1.338171e-04 5.189941e-04 2.919851e-04 1.849302e-04 3.801758e-05 2.175288e-04 3.685534e-04 3.044926e-04 2.362417e-04 2.962008e-04 2.626983e-04 1.004040e-04 7.344535e-05 1.838687e-04
44634.5 1.247096e-03 7.524363e-05 7.526456e-05 3.152078e-05 3.190121e-04 2.034690e-04 0.000000e+00 4.972870e-05 4.714472e-05 1.373053e-04 1.888470e-04 1.819556e-04 1.473150e-04 1.729093e-04 0.000000e+00 4.374614e-05 5.250015e-05
44662.9 8.445783e-04 1.529097e-04 2.660287e-04 2.801627e-04 2.726248e-04 4.280740e-04 8.472848e-05 2.451968e-04 5.749099e-05 1.258576e-04 1.812742e-04 2.055341e-04 7.527154e-05 1.511475e-04 0.000000e+00 1.560603e-04 6.217994e-05
44694.1 4.244526e-04 6.078624e-05 1.185154e-04 3.272926e-04 2.690738e-04 4.442847e-04 1.515773e-04 2.527135e-04 1.622326e-04 2.625381e-04 1.594536e-04 1.746680e-04 1.247313e-05 1.952771e-04 7.005490e-05 1.242361e-04 5.442941e-05
44722.6 3.570228e-04 0.000000e+00 0.000000e+00 1.749562e-04 2.306520e-04 2.650904e-04 1.476649e-04 1.214660e-04 1.550853e-04 1.808115e-04 1.194997e-04 1.016519e-04 0.000000e+00 1.924025e-04 4.716755e-06 7.289332e-06 1.969173e-05
44753.8 0.000000e+00 0.000000e+00 0.000000e+00 0.000000e+00 0.000000e+00 0.000000e+00 0.000000e+00 0.000000e+00 0.000000e+00 0.000000e+00 0.000000e+00 0.000000e+00 0.000000e+00 0.000000e+00 0.000000e+00 0.000000e+00 0.000000e+00
44782.2 9.105444e-05 0.000000e+00 0.000000e+00 1.247861e-04 5.168011e-05 1.065499e-04 2.286307e-04 1.035622e-06 5.441140e-06 7.506767e-05 3.142645e-05 1.134573e-04 0.000000e+00 1.454861e-05 5.241219e-05 0.000000e+00 1.204231e-04
44813.5 3.097110e-04 1.703686e-04 1.802315e-04 5.011024e-04 4.046623e-04 3.318795e-04 4.318982e-04 2.092413e-04 1.194494e-04 1.462047e-04 1.873419e-04 2.514161e-04 4.210110e-05 4.854661e-05 1.431585e-04 3.228455e-05 1.853372e-04
44841.9 9.225913e-06 8.357483e-05 5.691719e-05 2.616211e-04 3.705678e-04 9.848380e-05 3.449811e-04 1.405431e-04 0.000000e+00 0.000000e+00 1.252253e-04 1.533417e-04 0.000000e+00 1.355402e-05 7.354764e-05 4.597870e-05 1.217785e-04
44873.2 0.000000e+00 0.000000e+00 0.000000e+00 0.000000e+00 0.000000e+00 0.000000e+00 0.000000e+00 0.000000e+00 0.000000e+00 0.000000e+00 0.000000e+00 0.000000e+00 0.000000e+00 0.000000e+00 0.000000e+00 0.000000e+00 0.000000e+00
44901.6 0.000000e+00 0.000000e+00 0.000000e+00 0.000000e+00 0.000000e+00 0.000000e+00 0.000000e+00 0.000000e+00 0.000000e+00 0.000000e+00 0.000000e+00 0.000000e+00 0.000000e+00 0.000000e+00 0.000000e+00 0.000000e+00 0.000000e+00
44932.9 0.000000e+00 0.000000e+00 0.000000e+00 0.000000e+00 0.000000e+00 0.000000e+00 0.000000e+00 0.000000e+00 0.000000e+00 0.000000e+00 0.000000e+00 0.000000e+00 2.702125e-05 0.000000e+00 0.000000e+00 0.000000e+00 0.000000e+00
44964.1 0.000000e+00 0.000000e+00 0.000000e+00 0.000000e+00 0.000000e+00 0.000000e+00 0.000000e+00 0.000000e+00 0.000000e+00 0.000000e+00 0.000000e+00 0.000000e+00 0.000000e+00 0.000000e+00 0.000000e+00 0.000000e+00 0.000000e+00
44992.5 0.000000e+00 0.000000e+00 0.000000e+00 0.000000e+00 1.618781e-05 0.000000e+00 0.000000e+00 0.000000e+00 0.000000e+00 0.000000e+00 0.000000e+00 0.000000e+00 0.000000e+00 1.028261e-05 0.000000e+00 1.723259e-05 2.231073e-05
45023.8 0.000000e+00 0.000000e+00 0.000000e+00 0.000000e+00 0.000000e+00 0.000000e+00 0.000000e+00 0.000000e+00 0.000000e+00 0.000000e+00 0.000000e+00 0.000000e+00 0.000000e+00 0.000000e+00 0.000000e+00 0.000000e+00 0.000000e+00
45052.2 0.000000e+00 0.000000e+00 0.000000e+00 0.000000e+00 0.000000e+00 0.000000e+00 0.000000e+00 0.000000e+00 0.000000e+00 0.000000e+00 0.000000e+00 0.000000e+00 0.000000e+00 0.000000e+00 0.000000e+00 0.000000e+00 0.000000e+00
45083.3 0.000000e+00 1.637663e-04 3.288696e-04 1.640707e-04 3.075649e-04 2.940545e-04 1.198438e-04 0.000000e+00 0.000000e+00 2.942842e-05 5.594692e-05 0.000000e+00 0.000000e+00 0.000000e+00 0.000000e+00 0.000000e+00 0.000000e+00
45111.8 4.118653e-05 1.282035e-04 3.486324e-04 2.636083e-04 3.299040e-04 2.351289e-04 2.133869e-04 2.533121e-05 0.000000e+00 1.348988e-04 6.822124e-05 3.432468e-05 3.033792e-05 0.000000e+00 0.000000e+00 0.000000e+00 0.000000e+00
45143.0 0.000000e+00 0.000000e+00 0.000000e+00 0.000000e+00 9.507370e-05 0.000000e+00 0.000000e+00 0.000000e+00 0.000000e+00 1.236374e-04 0.000000e+00 0.000000e+00 0.000000e+00 0.000000e+00 0.000000e+00 0.000000e+00 0.000000e+00
45174.2 0.000000e+00 0.000000e+00 0.000000e+00 0.000000e+00 0.000000e+00 0.000000e+00 0.000000e+00 0.000000e+00 0.000000e+00 5.403786e-05 0.000000e+00 0.000000e+00 0.000000e+00 0.000000e+00 0.000000e+00 0.000000e+00 0.000000e+00
45202.6 0.000000e+00 1.315396e-04 1.640344e-04 0.000000e+00 5.571428e-05 0.000000e+00 1.339421e-04 3.960259e-05 2.425939e-05 0.000000e+00 1.207954e-04 2.953636e-06 0.000000e+00 0.000000e+00 7.692640e-05 0.000000e+00 0.000000e+00
45233.8 9.748021e-05 3.977210e-04 4.261775e-04 1.301428e-04 9.586993e-05 9.308614e-05 3.368245e-04 3.058705e-06 1.288539e-04 0.000000e+00 2.824476e-04 1.090692e-04 4.944419e-05 4.748538e-06 6.587416e-05 0.000000e+00 3.750795e-05
45262.2 0.000000e+00 3.243846e-04 5.065549e-04 1.748062e-04 9.928008e-05 2.354877e-04 3.565168e-04 1.901109e-06 9.903250e-05 1.837625e-05 2.712583e-04 9.310997e-05 8.655035e-05 3.767183e-05 8.426910e-05 0.000000e+00 4.110757e-05
45293.4 1.461953e-05 2.322105e-04 5.763347e-04 2.346733e-04 0.000000e+00 2.009182e-04 3.750984e-04 9.050558e-05 1.720360e-05 1.028271e-04 2.286195e-04 3.046834e-05 3.778776e-05 5.524233e-06 8.334357e-05 0.000000e+00 1.841569e-05
45321.8 1.771915e-04 2.159373e-04 5.011873e-04 2.165683e-04 7.791978e-05 2.326566e-04 3.382704e-04 1.751277e-04 8.731804e-05 1.461620e-04 2.020159e-04 9.089409e-05 2.684230e-05 5.346841e-05 9.786327e-05 0.000000e+00 1.257791e-04
45353.0 3.578044e-04 3.911008e-04 4.843280e-04 3.251781e-04 2.033874e-04 3.393917e-04 2.596606e-04 2.528424e-04 2.127423e-04 1.742506e-04 2.777166e-04 1.657717e-04 1.556760e-04 1.062010e-04 1.569910e-04 4.639335e-05 1.921610e-04
45384.2 3.987199e-05 2.249929e-04 3.401831e-04 2.098098e-04 1.242079e-04 2.304441e-04 1.598059e-04 2.204322e-04 1.179538e-04 1.187319e-04 2.221923e-04 7.091934e-05 7.758992e-05 1.156498e-04 1.419437e-04 5.788148e-05 1.832759e-04
45412.6 0.000000e+00 0.000000e+00 0.000000e+00 2.164595e-05 0.000000e+00 0.000000e+00 2.669133e-05 9.130499e-05 9.462490e-06 0.000000e+00 9.345762e-05 0.000000e+00 0.000000e+00 2.646757e-07 5.889371e-05 0.000000e+00 9.917817e-05
45443.7 0.000000e+00 6.918482e-05 1.660613e-05 1.984280e-05 0.000000e+00 3.576464e-05 4.334991e-05 1.426162e-04 1.650609e-04 0.000000e+00 4.933021e-05 0.000000e+00 0.000000e+00 1.400430e-05 0.000000e+00 0.000000e+00 9.201652e-05
45472.1 2.990574e-06 2.171986e-04 5.831316e-05 2.754364e-05 3.096109e-05 4.379480e-05 0.000000e+00 1.860999e-04 1.418486e-04 3.063510e-05 4.057966e-05 4.972534e-06 1.434454e-05 9.580424e-05 0.000000e+00 3.292804e-05 0.000000e+00
45503.3 0.000000e+00 0.000000e+00 0.000000e+00 0.000000e+00 0.000000e+00 0.000000e+00 0.000000e+00 0.000000e+00 0.000000e+00 0.000000e+00 0.000000e+00 0.000000e+00 0.000000e+00 3.967649e-05 0.000000e+00 0.000000e+00 0.000000e+00
45531.7 0.000000e+00 0.000000e+00 0.000000e+00 0.000000e+00 0.000000e+00 0.000000e+00 0.000000e+00 0.000000e+00 0.000000e+00 0.000000e+00 0.000000e+00 0.000000e+00 0.000000e+00 0.000000e+00 0.000000e+00 0.000000e+00 0.000000e+00
45562.9 0.000000e+00 0.000000e+00 0.000000e+00 0.000000e+00 1.925625e-05 0.000000e+00 0.000000e+00 0.000000e+00 0.000000e+00 0.000000e+00 0.000000e+00 4.297448e-05 0.000000e+00 7.220693e-05 1.891130e-05 0.000000e+00 0.000000e+00
45594.1 1.701384e-05 0.000000e+00 4.810838e-05 0.000000e+00 6.016612e-05 0.000000e+00 0.000000e+00 2.102039e-05 4.026227e-05 9.418523e-06 0.000000e+00 9.934552e-05 0.000000e+00 1.341748e-04 5.634447e-05 0.000000e+00 0.000000e+00
45622.4 1.349061e-04 0.000000e+00 3.817771e-05 6.006173e-05 9.482424e-05 0.000000e+00 0.000000e+00 0.000000e+00 3.474350e-05 4.977451e-05 1.870339e-05 1.279385e-04 8.065489e-06 8.541447e-05 1.801927e-05 0.000000e+00 0.000000e+00
45653.6 3.324743e-04 3.617193e-06 8.550783e-05 1.912433e-04 2.786734e-05 0.000000e+00 0.000000e+00 0.000000e+00 0.000000e+00 0.000000e+00 1.603869e-05 1.710794e-04 4.977193e-05 0.000000e+00 1.404791e-05 2.053516e-05 7.634457e-07
45681.9 4.631883e-04 4.987173e-04 2.530142e-04 3.074414e-04 2.098076e-04 1.013482e-04 1.126671e-04 1.422729e-04 1.397333e-04 5.954145e-05 1.559788e-04 2.577551e-04 1.750926e-04 2.578865e-05 2.065508e-04 6.793743e-05 1.285292e-04
45713.1 2.317427e-04 5.819492e-04 2.574405e-04 9.802811e-05 1.569747e-04 1.143050e-04 1.196494e-04 2.421031e-04 1.908260e-04 7.191657e-05 2.108968e-04 2.005734e-04 6.387130e-05 5.362142e-05 3.001285e-04 3.941862e-05 1.195961e-04
45744.3 3.223941e-04 5.087250e-04 3.688278e-04 1.708235e-04 3.061982e-04 2.801222e-04 1.406192e-04 2.955842e-04 2.158086e-04 1.067771e-04 3.202324e-04 2.291658e-04 8.501288e-05 2.355195e-05 2.446215e-04 7.679382e-05 2.336590e-05
45772.6 4.282129e-04 3.284147e-04 3.412634e-04 2.897512e-04 3.522962e-04 3.040163e-04 8.414569e-05 2.262449e-04 1.619941e-04 1.809708e-04 2.517155e-04 1.808015e-04 2.262431e-04 1.454795e-05 1.111711e-04 1.065269e-04 0.000000e+00
45803.8 4.724033e-04 2.773268e-04 2.447689e-04 3.723989e-04 2.938826e-04 2.185198e-04 3.453894e-05 1.470599e-04 1.717768e-04 2.131632e-04 2.298724e-04 1.479141e-04 3.303652e-04 9.805927e-05 1.510686e-04 1.728771e-04 9.062955e-05
45832.1 4.239199e-04 2.845004e-04 2.440000e-04 3.549752e-04 1.518794e-04 1.756448e-04 0.000000e+00 1.234396e-04 2.159163e-04 2.417951e-04 2.590716e-04 1.719791e-04 3.183860e-04 1.810715e-04 2.623754e-04 1.778498e-04 2.243742e-04
45863.3 3.840104e-04 3.978880e-04 3.240896e-04 4.469695e-04 2.454684e-04 2.466517e-04 8.228607e-05 2.558227e-04 1.988316e-04 2.773308e-04 2.529573e-04 2.148346e-04 3.480104e-04 1.797291e-04 2.341425e-04 8.479022e-05 2.600742e-04
45891.6 3.196040e-05 1.644402e-04 0.000000e+00 1.137013e-04 1.356695e-04 8.602250e-05 0.000000e+00 1.219902e-04 0.000000e+00 1.724419e-04 9.932405e-05 1.212401e-04 2.986252e-04 8.975202e-05 4.859133e-05 0.000000e+00 1.491522e-04
45922.7 0.000000e+00 0.000000e+00 0.000000e+00 0.000000e+00 0.000000e+00 0.000000e+00 0.000000e+00 0.000000e+00 0.000000e+00 0.000000e+00 0.000000e+00 0.000000e+00 2.793743e-05 0.000000e+00 0.000000e+00 0.000000e+00 0.000000e+00
45953.9 0.000000e+00 0.000000e+00 0.000000e+00 0.000000e+00 0.000000e+00 0.000000e+00 0.000000e+00 0.000000e+00 0.000000e+00 0.000000e+00 0.000000e+00 0.000000e+00 0.000000e+00 0.000000e+00 0.000000e+00 0.000000e+00 0.000000e+00
45982.2 0.000000e+00 0.000000e+00 0.000000e+00 0.000000e+00 0.000000e+00 0.000000e+00 0.000000e+00 0.000000e+00 0.000000e+00 0.000000e+00 0.000000e+00 0.000000e+00 0.000000e+00 0.000000e+00 0.000000e+00 0.000000e+00 0.000000e+00
46013.4 0.000000e+00 0.000000e+00 0.000000e+00 0.000000e+00 0.000000e+00 0.000000e+00 0.000000e+00 0.000000e+00 0.000000e+00 0.000000e+00 0.000000e+00 0.000000e+00 0.000000e+00 0.000000e+00 0.000000e+00 0.000000e+00 0.000000e+00
46041.7 0.000000e+00 0.000000e+00 0.000000e+00 0.000000e+00 0.000000e+00 0.000000e+00 0.000000e+00 0.000000e+00 0.000000e+00 0.000000e+00 0.000000e+00 0.000000e+00 0.000000e+00 0.000000e+00 0.000000e+00 0.000000e+00 0.000000e+00
