# from M Ashby, priv. comm.
# Jun 10, 2026

# In-flight, corrected for curve traces and effects of PNe.
# No units given, assumed to be detector signal/photon

# wave ch01 ch02 ch03 ch04 ch05 ch06 ch07 ch08 ch09 ch10 ch11 ch12 ch13 ch14 ch15 ch16 ch17
6844.0 0.000000e+00 0.000000e+00 0.000000e+00 0.000000e+00 0.000000e+00 0.000000e+00 0.000000e+00 0.000000e+00 0.000000e+00 0.000000e+00 0.000000e+00 0.000000e+00 0.000000e+00 0.000000e+00 0.000000e+00 0.000000e+00 0.000000e+00
6864.0 0.000000e+00 0.000000e+00 0.000000e+00 0.000000e+00 0.000000e+00 0.000000e+00 0.000000e+00 0.000000e+00 0.000000e+00 0.000000e+00 0.000000e+00 0.000000e+00 0.000000e+00 0.000000e+00 0.000000e+00 0.000000e+00 0.000000e+00
6883.9 0.000000e+00 0.000000e+00 0.000000e+00 0.000000e+00 0.000000e+00 0.000000e+00 0.000000e+00 0.000000e+00 0.000000e+00 0.000000e+00 0.000000e+00 0.000000e+00 0.000000e+00 0.000000e+00 0.000000e+00 0.000000e+00 0.000000e+00
6903.9 0.000000e+00 0.000000e+00 0.000000e+00 0.000000e+00 0.000000e+00 0.000000e+00 0.000000e+00 0.000000e+00 0.000000e+00 0.000000e+00 0.000000e+00 0.000000e+00 0.000000e+00 0.000000e+00 0.000000e+00 0.000000e+00 0.000000e+00
6923.9 0.000000e+00 0.000000e+00 0.000000e+00 0.000000e+00 0.000000e+00 0.000000e+00 0.000000e+00 0.000000e+00 0.000000e+00 0.000000e+00 0.000000e+00 0.000000e+00 0.000000e+00 0.000000e+00 0.000000e+00 0.000000e+00 0.000000e+00
6944.2 2.479419e-03 2.867183e-03 4.258949e-03 3.503305e-03 4.891337e-03 4.603550e-03 5.801592e-03 3.221716e-03 3.563147e-03 3.532732e-03 4.261098e-03 3.920726e-03 5.390849e-03 6.877840e-03 3.458543e-03 2.933061e-03 2.701158e-03
6964.1 5.526509e-03 6.587051e-03 7.375599e-03 7.065557e-03 8.472843e-03 7.867291e-03 8.439103e-03 6.499489e-03 6.839945e-03 7.161082e-03 7.427273e-03 7.162008e-03 9.363122e-03 1.042939e-02 6.484614e-03 6.523898e-03 6.166312e-03
6984.0 4.546482e-03 5.715709e-03 6.183817e-03 6.068081e-03 7.405483e-03 8.056253e-03 7.046851e-03 5.438663e-03 5.699305e-03 6.065312e-03 6.370804e-03 6.465786e-03 8.665896e-03 9.609759e-03 5.063802e-03 5.549193e-03 5.152001e-03
7003.9 3.378054e-03 4.666333e-03 5.001622e-03 5.110693e-03 5.806165e-03 8.786431e-03 5.715605e-03 4.452494e-03 4.950644e-03 5.158358e-03 5.440900e-03 5.787557e-03 7.953153e-03 7.944741e-03 3.598165e-03 4.524614e-03 4.124441e-03
7024.1 1.597362e-03 2.796938e-03 2.859304e-03 3.366421e-03 3.784956e-03 7.606514e-03 3.462769e-03 2.526138e-03 3.071842e-03 3.231957e-03 3.640029e-03 4.054578e-03 6.114270e-03 5.143989e-03 1.917291e-03 2.109615e-03 1.834885e-03
7044.0 2.595934e-03 3.862661e-03 3.401483e-03 4.603548e-03 4.610404e-03 7.963762e-03 3.704878e-03 2.879398e-03 3.372264e-03 3.998939e-03 4.210278e-03 4.998874e-03 7.112024e-03 5.423874e-03 3.275768e-03 2.648719e-03 2.514683e-03
7063.9 3.294309e-03 4.735911e-03 3.302329e-03 5.551160e-03 4.989750e-03 8.449332e-03 3.830352e-03 3.195042e-03 3.468275e-03 4.274697e-03 4.562325e-03 5.472809e-03 7.554947e-03 5.790095e-03 3.937594e-03 2.972434e-03 2.991843e-03
7084.1 2.328393e-03 3.877324e-03 2.022196e-03 5.066087e-03 3.974737e-03 8.036668e-03 2.859052e-03 2.221460e-03 2.586039e-03 3.483274e-03 3.620323e-03 4.564762e-03 6.511602e-03 4.507004e-03 2.486219e-03 1.985748e-03 1.952448e-03
7103.9 7.586067e-03 8.376590e-03 6.803143e-03 9.596324e-03 8.894102e-03 1.274621e-02 7.463253e-03 6.923516e-03 7.263746e-03 8.242594e-03 8.587955e-03 9.773024e-03 1.157756e-02 8.921858e-03 7.074759e-03 6.914125e-03 7.119350e-03
7124.1 8.912237e-03 9.327085e-03 8.249409e-03 1.062543e-02 1.023282e-02 1.243639e-02 8.610548e-03 8.044461e-03 8.374513e-03 9.407439e-03 9.743699e-03 1.161120e-02 1.310305e-02 9.342123e-03 8.099182e-03 8.013810e-03 8.050636e-03
7143.9 3.638503e-03 4.372082e-03 3.394275e-03 5.811903e-03 5.519321e-03 5.507465e-03 3.241967e-03 2.944909e-03 3.462547e-03 3.929118e-03 4.507822e-03 6.895333e-03 7.897822e-03 3.326559e-03 2.604492e-03 2.338910e-03 2.166744e-03
7164.0 0.000000e+00 2.812681e-04 2.267920e-04 2.187615e-03 2.794743e-03 7.556093e-04 0.000000e+00 0.000000e+00 0.000000e+00 0.000000e+00 4.670914e-04 3.192455e-03 3.636574e-03 0.000000e+00 0.000000e+00 0.000000e+00 0.000000e+00
7184.2 2.920520e-03 2.208995e-03 3.478190e-03 4.294401e-03 7.066169e-03 3.055653e-03 1.930354e-03 2.121884e-03 2.230683e-03 2.584029e-03 3.247704e-03 5.943699e-03 5.737722e-03 1.461346e-03 9.115746e-04 5.199209e-04 9.461159e-04
7203.9 6.258886e-03 4.422812e-03 6.505650e-03 6.473337e-03 1.138347e-02 5.209785e-03 4.571599e-03 4.699969e-03 5.193716e-03 5.489163e-03 6.035420e-03 9.002640e-03 7.465718e-03 4.121822e-03 3.758654e-03 3.214916e-03 4.031052e-03
7224.0 7.548315e-03 5.852283e-03 8.099552e-03 7.743219e-03 1.326117e-02 6.056820e-03 5.555796e-03 5.571970e-03 6.465252e-03 6.777530e-03 7.276955e-03 1.065916e-02 7.614560e-03 5.289025e-03 4.942314e-03 4.328928e-03 5.549619e-03
7244.1 6.115441e-03 5.191875e-03 7.757145e-03 6.998291e-03 1.194478e-02 4.907441e-03 4.620576e-03 4.671156e-03 5.136582e-03 6.001422e-03 6.505524e-03 1.006942e-02 6.345614e-03 4.273283e-03 3.720107e-03 3.735669e-03 4.776092e-03
7263.8 2.497379e-03 1.702313e-03 4.842726e-03 3.795529e-03 7.242445e-03 1.563113e-03 1.377480e-03 1.624074e-03 2.072688e-03 3.147425e-03 3.807227e-03 6.964888e-03 3.064282e-03 8.775232e-04 3.449865e-04 9.882306e-04 1.872193e-03
7283.9 2.118115e-03 1.084057e-03 4.281658e-03 3.398135e-03 5.349573e-03 1.000222e-03 9.231690e-04 1.378019e-03 2.171941e-03 2.939263e-03 4.074206e-03 6.632437e-03 2.289965e-03 5.753788e-04 8.096454e-05 7.163298e-04 2.165813e-03
7303.9 4.039047e-03 3.060858e-03 6.109749e-03 5.725832e-03 6.088858e-03 2.985430e-03 2.712930e-03 3.014823e-03 3.951490e-03 4.839890e-03 6.493269e-03 8.537043e-03 3.728548e-03 2.424803e-03 1.777541e-03 2.411494e-03 5.322820e-03
7324.0 6.904759e-03 6.567329e-03 8.722809e-03 9.237840e-03 8.218446e-03 6.145864e-03 5.746363e-03 5.935526e-03 6.511998e-03 7.563606e-03 1.003705e-02 1.128575e-02 6.454746e-03 5.373047e-03 4.679999e-03 5.370096e-03 1.009013e-02
7344.0 6.626620e-03 7.122213e-03 8.369988e-03 1.071404e-02 7.922476e-03 6.260450e-03 5.938088e-03 6.391334e-03 6.774559e-03 7.417263e-03 1.073458e-02 1.118116e-02 6.192934e-03 5.358253e-03 5.062886e-03 5.737376e-03 1.130386e-02
7364.0 6.039594e-03 7.925048e-03 8.248339e-03 1.291865e-02 7.948270e-03 6.202517e-03 6.137833e-03 6.958280e-03 7.085384e-03 7.531344e-03 1.117214e-02 1.088759e-02 6.191683e-03 5.471645e-03 5.530437e-03 6.223886e-03 2.159566e-02
7384.0 4.087042e-03 7.008373e-03 6.706787e-03 1.273513e-02 6.066311e-03 4.625054e-03 4.666431e-03 5.598244e-03 5.585024e-03 6.442125e-03 9.857538e-03 8.396478e-03 4.670140e-03 3.840457e-03 4.135889e-03 5.034314e-03 4.258927e-02
7404.0 3.594104e-03 7.211709e-03 5.937885e-03 1.200918e-02 4.801600e-03 3.948523e-03 4.312831e-03 5.208441e-03 5.158014e-03 6.355895e-03 9.514868e-03 6.534517e-03 3.857030e-03 3.125561e-03 3.284499e-03 4.299332e-03 9.753501e-02
7423.9 1.911918e-03 5.621648e-03 4.136826e-03 9.999481e-03 2.629733e-03 2.078330e-03 2.569990e-03 3.198559e-03 3.445240e-03 4.780126e-03 7.780159e-03 3.622113e-03 1.548333e-03 9.179365e-04 1.000123e-03 2.590033e-03 2.653898e-01
7443.9 1.562257e-03 4.900252e-03 3.558863e-03 9.242062e-03 1.828553e-03 1.610389e-03 1.817923e-03 2.341885e-03 2.525925e-03 3.949493e-03 7.032832e-03 2.227315e-03 4.935427e-04 1.499816e-04 1.544763e-04 2.641244e-03 5.715485e-01
7464.2 2.549865e-03 5.173404e-03 4.064456e-03 8.420804e-03 2.217547e-03 1.856427e-03 1.997246e-03 2.747315e-03 2.964706e-03 4.758976e-03 7.484599e-03 2.359408e-03 5.897889e-04 2.044551e-04 6.508449e-04 3.995207e-03 8.645428e-01
7484.1 7.410156e-03 9.657195e-03 8.918167e-03 1.094329e-02 6.629524e-03 6.048832e-03 6.363762e-03 7.237439e-03 7.732101e-03 1.034971e-02 1.208438e-02 6.895327e-03 5.069958e-03 4.567758e-03 5.368046e-03 9.266117e-03 9.937113e-01
7504.0 7.927083e-03 9.913838e-03 1.037016e-02 1.007585e-02 7.007443e-03 6.735800e-03 6.975140e-03 7.964309e-03 8.426195e-03 1.166557e-02 1.278279e-02 7.091915e-03 5.649639e-03 5.381201e-03 6.221075e-03 1.076356e-02 1.004371e+00
7523.9 5.495967e-03 6.844541e-03 9.532264e-03 6.871335e-03 4.129803e-03 4.096530e-03 4.284511e-03 5.255045e-03 5.613246e-03 8.795838e-03 9.630853e-03 3.911383e-03 2.802972e-03 2.922685e-03 3.520347e-03 1.238397e-02 9.970889e-01
7544.1 5.585334e-03 6.408380e-03 1.134104e-02 6.063639e-03 3.959376e-03 3.948326e-03 4.254700e-03 4.950759e-03 5.414481e-03 8.621581e-03 8.592835e-03 3.696643e-03 2.656536e-03 2.624893e-03 3.292847e-03 2.689411e-02 1.002587e+00
7564.0 7.928414e-03 7.790033e-03 1.337999e-02 6.930931e-03 5.559179e-03 5.593969e-03 6.116531e-03 6.467470e-03 7.233729e-03 1.058581e-02 9.014127e-03 5.526481e-03 4.541600e-03 4.308391e-03 4.949030e-03 5.524461e-02 9.984151e-01
7584.1 7.202545e-03 6.150336e-03 1.174792e-02 4.638802e-03 3.799583e-03 3.929374e-03 4.465410e-03 5.188098e-03 6.116223e-03 9.267121e-03 6.558400e-03 3.824634e-03 2.976732e-03 2.943388e-03 3.385022e-03 1.259538e-01 9.124043e-01
7604.0 7.666533e-03 6.328536e-03 1.208072e-02 4.432549e-03 3.971204e-03 4.112286e-03 4.435261e-03 5.340765e-03 6.539192e-03 9.562040e-03 6.206056e-03 3.759984e-03 2.985803e-03 3.073773e-03 4.162747e-03 3.209606e-01 7.104147e-01
7624.1 8.365372e-03 7.422615e-03 1.245572e-02 5.375146e-03 5.053849e-03 5.287986e-03 5.705244e-03 6.334672e-03 7.805387e-03 1.049802e-02 6.479741e-03 4.408298e-03 3.876176e-03 3.782635e-03 6.120456e-03 6.344686e-01 4.325364e-01
7643.9 9.105675e-03 8.479328e-03 1.160392e-02 6.667515e-03 5.845580e-03 6.067205e-03 6.849449e-03 7.170409e-03 9.343746e-03 1.118101e-02 6.530989e-03 4.962795e-03 4.645005e-03 4.440474e-03 7.529713e-03 8.894804e-01 2.020666e-01
7664.1 8.336200e-03 7.993134e-03 9.430498e-03 5.999355e-03 4.919398e-03 5.197138e-03 5.983982e-03 6.528441e-03 9.438359e-03 1.033506e-02 5.401625e-03 4.083418e-03 3.768492e-03 3.828886e-03 7.607385e-03 9.922440e-01 7.284517e-02
7684.2 6.595253e-03 6.927432e-03 6.813087e-03 4.397280e-03 3.455930e-03 3.860412e-03 4.543266e-03 5.296973e-03 8.378335e-03 8.890045e-03 3.817599e-03 2.683361e-03 2.192547e-03 2.561303e-03 7.355536e-03 1.000519e+00 2.879003e-02
7703.9 5.684312e-03 7.937627e-03 5.161483e-03 3.444672e-03 2.850478e-03 3.251079e-03 3.985285e-03 4.784696e-03 7.721173e-03 7.859654e-03 2.599086e-03 1.629990e-03 1.411235e-03 1.987617e-03 1.217926e-02 9.986864e-01 1.351560e-02
7724.0 5.362827e-03 1.033984e-02 4.818454e-03 3.173109e-03 3.068457e-03 3.494280e-03 4.047217e-03 5.030366e-03 7.891316e-03 7.555882e-03 2.504908e-03 1.490668e-03 1.755204e-03 2.311274e-03 2.786587e-02 1.002791e+00 6.410126e-03
7744.1 5.657087e-03 1.171607e-02 5.002328e-03 3.188448e-03 3.428892e-03 3.816794e-03 4.272331e-03 5.382159e-03 8.346738e-03 7.184911e-03 2.981156e-03 1.993420e-03 2.186641e-03 2.947201e-03 5.465309e-02 1.003205e+00 5.258668e-03
7764.1 4.776618e-03 1.089456e-02 4.019106e-03 2.787916e-03 2.872456e-03 3.158427e-03 3.702617e-03 4.872226e-03 7.858618e-03 5.651386e-03 2.328899e-03 1.759248e-03 1.562489e-03 2.553489e-03 1.225143e-01 9.300609e-01 3.443339e-03
7784.2 3.230406e-03 9.826798e-03 2.182865e-03 1.811307e-03 1.497251e-03 2.154504e-03 2.621155e-03 4.042904e-03 6.845125e-03 3.612723e-03 9.780426e-04 7.308366e-04 5.911893e-04 1.624720e-03 3.123104e-01 7.417446e-01 1.763012e-03
7803.9 2.230709e-03 8.264914e-03 6.778721e-04 5.797179e-04 2.663497e-04 1.280930e-03 1.718919e-03 3.381135e-03 6.146987e-03 2.144501e-03 0.000000e+00 0.000000e+00 0.000000e+00 1.325845e-03 6.097781e-01 4.806127e-01 3.591743e-04
7823.9 5.235279e-03 8.610075e-03 3.172221e-03 3.090572e-03 2.861369e-03 3.784171e-03 4.350336e-03 6.200320e-03 8.716864e-03 4.139704e-03 2.282447e-03 2.338184e-03 2.076457e-03 4.936295e-03 8.740067e-01 2.421753e-01 2.468139e-03
7843.9 7.057361e-03 7.894987e-03 4.548724e-03 4.470647e-03 4.442715e-03 5.020835e-03 5.486748e-03 7.667620e-03 9.692550e-03 5.076290e-03 3.302065e-03 3.267602e-03 3.053117e-03 7.509546e-03 9.883502e-01 9.474737e-02 2.893985e-03
7864.1 9.127332e-03 8.278542e-03 5.863211e-03 5.778816e-03 5.619427e-03 6.289133e-03 6.705305e-03 9.236142e-03 1.069736e-02 6.155955e-03 4.418804e-03 4.341674e-03 4.381493e-03 9.859912e-03 1.003812e+00 3.818210e-02 3.935712e-03
7884.1 1.106820e-02 7.574385e-03 5.454846e-03 5.488731e-03 5.309335e-03 5.906724e-03 6.559711e-03 9.478346e-03 1.037696e-02 5.793028e-03 4.125869e-03 4.047786e-03 4.206410e-03 1.319448e-02 1.000389e+00 1.918502e-02 3.672905e-03
7904.1 1.335577e-02 6.961205e-03 5.418089e-03 5.570232e-03 5.159258e-03 5.759488e-03 6.490682e-03 9.982853e-03 9.646935e-03 5.462967e-03 4.096084e-03 3.817803e-03 4.185560e-03 2.446413e-02 1.001502e+00 1.005689e-02 3.305683e-03
7924.0 1.305713e-02 5.465836e-03 4.365224e-03 4.518203e-03 4.300812e-03 4.727906e-03 5.399669e-03 9.011330e-03 7.454763e-03 3.975379e-03 3.146698e-03 2.836606e-03 3.345511e-03 4.528590e-02 1.004709e+00 6.717388e-03 2.268860e-03
7943.9 1.173010e-02 4.389597e-03 3.796572e-03 3.903117e-03 4.169240e-03 4.416515e-03 5.471421e-03 8.605720e-03 5.964809e-03 3.259350e-03 2.697894e-03 2.538891e-03 3.079137e-03 8.728399e-02 9.608380e-01 5.359754e-03 2.065559e-03
7964.1 1.048856e-02 2.396569e-03 2.033962e-03 2.270029e-03 2.876860e-03 3.041285e-03 4.482432e-03 7.150173e-03 3.928943e-03 1.571352e-03 1.129585e-03 1.068902e-03 1.872604e-03 2.158885e-01 8.144408e-01 2.797767e-03 4.847730e-04
7984.0 9.549708e-03 1.142385e-03 8.313275e-04 1.150628e-03 1.645145e-03 2.066689e-03 3.659714e-03 6.046538e-03 2.380114e-03 3.922745e-04 7.232886e-06 0.000000e+00 1.515847e-03 4.736198e-01 5.798918e-01 7.857940e-04 0.000000e+00
8003.9 7.489839e-03 7.608822e-04 4.174967e-04 8.719346e-04 1.250886e-03 1.742032e-03 3.338433e-03 5.623360e-03 1.554641e-03 0.000000e+00 0.000000e+00 0.000000e+00 2.286555e-03 7.659935e-01 3.316405e-01 7.439662e-05 0.000000e+00
8024.1 6.514549e-03 2.208830e-03 1.939360e-03 2.507936e-03 2.702176e-03 3.243597e-03 5.096858e-03 7.424164e-03 2.610943e-03 1.437479e-03 1.268291e-03 1.048195e-03 4.534989e-03 9.469755e-01 1.461252e-01 1.264634e-03 0.000000e+00
8043.9 7.698366e-03 4.504598e-03 4.438315e-03 4.975406e-03 4.987750e-03 5.805892e-03 8.090849e-03 9.929148e-03 4.900785e-03 3.855370e-03 3.745695e-03 3.629757e-03 7.987700e-03 9.952559e-01 5.829363e-02 3.355700e-03 2.392226e-03
8064.0 8.994001e-03 6.158712e-03 6.390948e-03 6.898154e-03 7.011786e-03 8.030759e-03 1.072154e-02 1.169098e-02 6.803463e-03 5.791337e-03 5.845469e-03 5.744412e-03 1.089208e-02 9.970029e-01 2.909002e-02 5.006674e-03 4.485165e-03
8083.9 8.664082e-03 6.568956e-03 6.958567e-03 7.463171e-03 7.646607e-03 8.599200e-03 1.140673e-02 1.177218e-02 7.032038e-03 6.197341e-03 6.090607e-03 6.213871e-03 1.695737e-02 9.975644e-01 1.611912e-02 5.281957e-03 4.981769e-03
8104.0 5.385942e-03 4.236572e-03 4.637432e-03 5.183599e-03 5.391622e-03 6.160688e-03 9.101416e-03 8.970362e-03 4.489131e-03 3.700091e-03 3.545180e-03 3.675069e-03 2.979356e-02 1.001195e+00 7.628988e-03 2.546064e-03 2.183802e-03
8124.1 3.206122e-03 2.841238e-03 3.086008e-03 3.744717e-03 4.054102e-03 4.729294e-03 7.966904e-03 6.563988e-03 3.066258e-03 2.236949e-03 2.078287e-03 2.515628e-03 5.426315e-02 9.990696e-01 5.185868e-03 1.095268e-03 5.794640e-04
8144.1 5.521517e-03 5.327691e-03 5.432641e-03 6.149654e-03 6.694133e-03 7.484049e-03 1.066985e-02 8.020406e-03 5.486695e-03 5.028347e-03 4.776753e-03 5.743846e-03 1.104580e-01 9.358264e-01 7.007633e-03 3.899009e-03 3.609048e-03
8163.9 7.421326e-03 7.466553e-03 7.514859e-03 8.163433e-03 8.835270e-03 9.845399e-03 1.282642e-02 9.519231e-03 7.404439e-03 7.366083e-03 6.870843e-03 8.523190e-03 2.642901e-01 7.696686e-01 8.588312e-03 6.239853e-03 6.072327e-03
8183.9 6.080601e-03 6.141859e-03 6.354897e-03 7.053846e-03 7.768908e-03 8.945079e-03 1.171426e-02 8.187515e-03 6.167843e-03 6.093060e-03 5.754343e-03 7.704704e-03 5.401445e-01 5.269785e-01 6.949657e-03 5.019972e-03 4.821767e-03
8204.0 4.964462e-03 4.956365e-03 5.192272e-03 6.142856e-03 6.876445e-03 8.187583e-03 1.077889e-02 6.777117e-03 5.006155e-03 5.002545e-03 4.720034e-03 7.082626e-03 8.157581e-01 2.909216e-01 5.219146e-03 3.842029e-03 3.724141e-03
8224.0 5.547515e-03 5.334218e-03 5.582692e-03 6.464306e-03 7.122438e-03 8.821643e-03 1.099113e-02 6.588278e-03 5.243019e-03 5.167221e-03 5.207635e-03 8.101768e-03 9.644395e-01 1.258681e-01 5.088125e-03 3.962899e-03 3.957058e-03
8244.0 4.376788e-03 4.240543e-03 4.705687e-03 5.358742e-03 5.569918e-03 7.975986e-03 9.441862e-03 5.043255e-03 3.997690e-03 3.700869e-03 4.003618e-03 8.226218e-03 1.000104e+00 4.912653e-02 3.453631e-03 2.539655e-03 2.328620e-03
8264.0 3.384719e-03 3.330575e-03 4.061280e-03 4.709097e-03 4.568992e-03 7.254969e-03 8.248496e-03 4.055578e-03 3.206421e-03 2.628342e-03 3.048687e-03 9.151083e-03 1.001597e+00 2.348503e-02 2.443583e-03 1.467454e-03 1.209050e-03
8284.0 3.773415e-03 3.707596e-03 4.371021e-03 5.151833e-03 5.274753e-03 7.869257e-03 8.533527e-03 4.240848e-03 3.553875e-03 3.075198e-03 3.550779e-03 1.644291e-02 1.000404e+00 1.161458e-02 2.570945e-03 1.823910e-03 1.602020e-03
8303.9 5.696691e-03 5.509037e-03 5.990498e-03 6.655751e-03 7.200499e-03 9.601818e-03 9.660346e-03 5.627616e-03 4.990301e-03 4.755577e-03 5.390309e-03 3.527673e-02 1.001884e+00 8.466500e-03 4.045682e-03 3.580632e-03 3.483278e-03
8323.8 6.422850e-03 6.365444e-03 6.910518e-03 7.499065e-03 8.068882e-03 1.069343e-02 9.290911e-03 6.162698e-03 5.367518e-03 5.422305e-03 6.157445e-03 6.416313e-02 9.959550e-01 8.393344e-03 4.592561e-03 4.308404e-03 4.109610e-03
8344.1 5.770830e-03 5.849261e-03 6.611057e-03 7.214082e-03 7.607105e-03 1.048468e-02 7.871831e-03 5.635929e-03 4.924765e-03 4.912962e-03 5.949790e-03 1.289830e-01 9.225785e-01 6.718140e-03 4.035261e-03 3.620158e-03 3.537517e-03
8364.0 3.401885e-03 3.470656e-03 4.200640e-03 4.792309e-03 5.540747e-03 8.480647e-03 4.957551e-03 3.200420e-03 2.557679e-03 2.553337e-03 4.149438e-03 3.059676e-01 7.425458e-01 3.498095e-03 1.513183e-03 1.042662e-03 1.007560e-03
8383.9 3.514727e-03 3.442332e-03 4.145370e-03 4.688403e-03 5.777264e-03 8.415535e-03 4.523982e-03 3.026945e-03 2.450705e-03 2.471989e-03 4.530463e-03 5.950960e-01 4.992137e-01 2.926626e-03 1.393177e-03 8.752284e-04 9.984960e-04
8404.1 4.778593e-03 4.691662e-03 5.464160e-03 6.008081e-03 7.058578e-03 9.569499e-03 5.473413e-03 3.952370e-03 3.570351e-03 3.761373e-03 6.373350e-03 8.606905e-01 2.716602e-01 3.729173e-03 2.472876e-03 2.139667e-03 2.153239e-03
8423.9 5.238424e-03 5.290347e-03 5.912508e-03 6.481098e-03 7.794757e-03 9.872547e-03 6.003697e-03 4.368711e-03 4.192663e-03 4.398063e-03 8.139217e-03 9.815239e-01 1.197437e-01 3.945560e-03 3.058825e-03 2.713917e-03 2.781022e-03
8444.1 5.570445e-03 5.737358e-03 6.142681e-03 6.809087e-03 8.682503e-03 1.004251e-02 6.080477e-03 4.990582e-03 4.677520e-03 4.786396e-03 9.949692e-03 1.003160e+00 4.874277e-02 4.432028e-03 3.571953e-03 3.291831e-03 3.332818e-03
8463.9 7.612894e-03 7.799525e-03 8.296811e-03 8.969103e-03 1.105352e-02 1.182899e-02 7.704821e-03 7.161402e-03 6.673489e-03 6.773356e-03 1.360376e-02 1.000418e+00 2.753037e-02 6.355891e-03 5.572355e-03 5.429182e-03 5.508129e-03
8484.0 7.811054e-03 8.199450e-03 8.901148e-03 9.445648e-03 1.161848e-02 1.198147e-02 7.664321e-03 7.324625e-03 6.907697e-03 7.179751e-03 2.032256e-02 9.992004e-01 1.629869e-02 6.470405e-03 5.631345e-03 5.810377e-03 5.733167e-03
8504.1 5.441968e-03 5.988045e-03 6.868306e-03 7.360066e-03 9.890063e-03 9.347071e-03 5.473831e-03 4.983440e-03 4.723901e-03 5.078834e-03 3.540818e-02 1.000887e+00 8.869080e-03 4.244348e-03 3.480678e-03 3.725241e-03 3.479451e-03
8523.9 4.537130e-03 5.212886e-03 6.103518e-03 6.752461e-03 9.337166e-03 7.577756e-03 4.689842e-03 4.110272e-03 4.002938e-03 4.431870e-03 6.436026e-02 9.949583e-01 6.915415e-03 3.387704e-03 2.729413e-03 2.846273e-03 2.611063e-03
8544.0 6.190069e-03 6.746238e-03 7.557909e-03 8.534418e-03 1.091438e-02 8.025156e-03 6.101966e-03 5.521087e-03 5.455087e-03 6.242238e-03 1.327813e-01 9.199639e-01 7.203660e-03 4.643154e-03 4.231435e-03 4.072483e-03 4.086907e-03
8564.0 6.110091e-03 6.555761e-03 7.172460e-03 8.305776e-03 1.082468e-02 7.212891e-03 5.636097e-03 5.301565e-03 5.346018e-03 6.596120e-03 3.029708e-01 7.443459e-01 6.350767e-03 4.309754e-03 3.941988e-03 3.728227e-03 3.845890e-03
8584.0 4.673991e-03 4.991046e-03 5.574505e-03 6.766722e-03 9.395105e-03 5.502254e-03 3.911898e-03 3.787734e-03 3.981569e-03 5.646950e-03 5.811692e-01 5.083082e-01 4.337079e-03 2.595428e-03 2.232467e-03 2.140176e-03 2.245365e-03
8604.1 5.440374e-03 5.931248e-03 6.546197e-03 7.641078e-03 1.004500e-02 5.996958e-03 4.673078e-03 4.606333e-03 4.766861e-03 7.101664e-03 8.420152e-01 2.878356e-01 4.639988e-03 3.292507e-03 2.922558e-03 2.863716e-03 3.056663e-03
8624.1 6.016527e-03 6.382648e-03 7.171543e-03 8.362445e-03 1.035302e-02 6.168979e-03 5.135359e-03 4.985342e-03 5.045255e-03 8.561248e-03 9.737898e-01 1.288590e-01 4.617833e-03 3.665073e-03 3.274886e-03 3.283358e-03 3.512203e-03
8644.0 4.248933e-03 4.572130e-03 5.403256e-03 6.824231e-03 8.361250e-03 4.120129e-03 3.310841e-03 3.032255e-03 3.248171e-03 8.042855e-03 1.001688e+00 5.077573e-02 2.339534e-03 1.627535e-03 1.282490e-03 1.390808e-03 1.474935e-03
8664.0 2.502890e-03 2.950083e-03 3.729527e-03 5.665739e-03 6.581309e-03 2.457383e-03 1.614595e-03 1.329247e-03 1.652724e-03 8.292595e-03 1.000887e+00 2.354007e-02 4.064626e-04 0.000000e+00 0.000000e+00 0.000000e+00 0.000000e+00
8684.0 4.511647e-03 4.965260e-03 5.711719e-03 8.246518e-03 8.478688e-03 4.395172e-03 3.639273e-03 3.436665e-03 3.668302e-03 1.636073e-02 9.978508e-01 1.400073e-02 2.400862e-03 1.880620e-03 1.628403e-03 1.838149e-03 1.731163e-03
8703.9 4.217299e-03 4.528342e-03 5.424972e-03 8.156935e-03 7.719091e-03 3.907920e-03 3.108876e-03 3.062697e-03 3.385421e-03 3.117280e-02 9.989970e-01 7.590902e-03 1.958748e-03 1.589913e-03 1.209239e-03 1.401988e-03 1.416903e-03
8724.1 3.662215e-03 3.951862e-03 4.811537e-03 7.353986e-03 5.983681e-03 3.064505e-03 2.326829e-03 2.407228e-03 2.987908e-03 5.832082e-02 1.000896e+00 5.576313e-03 1.222931e-03 9.122610e-04 6.801360e-04 8.473296e-04 1.043287e-03
8744.0 3.583441e-03 4.034768e-03 4.877522e-03 7.306332e-03 5.045391e-03 2.970182e-03 2.374758e-03 2.533069e-03 3.213192e-03 1.056011e-01 9.548469e-01 4.945966e-03 1.293342e-03 8.128268e-04 9.435016e-04 1.059801e-03 1.389817e-03
8763.9 4.943612e-03 5.409476e-03 6.542560e-03 8.982228e-03 5.998315e-03 4.242757e-03 3.804172e-03 4.043785e-03 4.918536e-03 2.367246e-01 8.156884e-01 5.460963e-03 2.724378e-03 2.316767e-03 2.521240e-03 2.620355e-03 3.067801e-03
8784.0 4.225203e-03 4.934944e-03 6.366461e-03 8.665880e-03 5.214408e-03 3.623213e-03 3.085498e-03 3.349180e-03 4.772476e-03 4.923957e-01 5.954078e-01 4.111083e-03 1.987170e-03 1.846524e-03 1.810951e-03 1.969998e-03 2.430958e-03
8803.9 4.549301e-03 5.321085e-03 6.718343e-03 8.947016e-03 5.121937e-03 3.766092e-03 3.309669e-03 3.527183e-03 5.679627e-03 7.749034e-01 3.674732e-01 4.099257e-03 2.200816e-03 2.174403e-03 1.914793e-03 2.229503e-03 2.849989e-03
8824.0 2.803735e-03 3.713004e-03 5.234703e-03 7.212881e-03 3.127373e-03 2.012623e-03 1.694333e-03 1.932376e-03 5.423892e-03 9.491432e-01 1.799554e-01 2.268666e-03 7.101214e-04 3.774563e-04 2.173013e-04 6.034329e-04 1.105769e-03
8844.1 1.818818e-03 2.730374e-03 4.675717e-03 6.111031e-03 1.870356e-03 1.003611e-03 7.749172e-04 1.073352e-03 6.283017e-03 9.986732e-01 7.271995e-02 9.247038e-04 0.000000e+00 0.000000e+00 0.000000e+00 0.000000e+00 5.207389e-05
8863.9 2.152720e-03 2.907498e-03 5.297409e-03 6.344710e-03 1.926122e-03 1.083012e-03 1.020912e-03 1.404649e-03 7.572832e-03 1.000520e+00 3.290460e-02 8.050955e-04 1.298722e-04 0.000000e+00 0.000000e+00 0.000000e+00 2.534139e-04
8884.0 2.863031e-03 3.436473e-03 6.186855e-03 6.751415e-03 2.283979e-03 1.359371e-03 1.506034e-03 2.039945e-03 1.149298e-02 1.000018e+00 1.854093e-02 1.022081e-03 4.275758e-04 2.662951e-04 0.000000e+00 2.682686e-04 7.939243e-04
8904.0 2.147821e-03 2.848697e-03 5.899447e-03 5.973093e-03 1.540911e-03 7.684533e-04 8.928606e-04 1.545208e-03 2.012159e-02 1.000933e+00 9.062171e-03 5.284370e-05 0.000000e+00 0.000000e+00 0.000000e+00 0.000000e+00 0.000000e+00
8924.1 2.679612e-03 3.451370e-03 6.620918e-03 5.731555e-03 1.997968e-03 1.448179e-03 1.433363e-03 2.249041e-03 4.136815e-02 1.002248e+00 5.757287e-03 4.840747e-04 0.000000e+00 0.000000e+00 0.000000e+00 3.764559e-04 5.395870e-04
8944.1 2.861864e-03 3.652607e-03 6.737804e-03 4.737963e-03 2.116096e-03 1.504529e-03 1.454641e-03 2.526267e-03 7.473264e-02 9.901883e-01 4.632423e-03 7.153727e-04 1.873744e-04 5.737902e-05 1.121887e-04 6.612818e-04 9.134825e-04
8964.1 2.448471e-03 3.134200e-03 6.150523e-03 3.287492e-03 1.401742e-03 8.500179e-04 7.689325e-04 1.871615e-03 1.424042e-01 9.119322e-01 2.787808e-03 1.227269e-04 0.000000e+00 0.000000e+00 0.000000e+00 0.000000e+00 4.504044e-04
8984.1 7.422787e-04 1.804271e-03 4.514401e-03 1.625861e-03 0.000000e+00 0.000000e+00 0.000000e+00 4.566705e-04 3.086803e-01 7.427106e-01 1.596815e-04 0.000000e+00 0.000000e+00 0.000000e+00 0.000000e+00 0.000000e+00 0.000000e+00
9004.1 7.473150e-05 1.630020e-03 3.895613e-03 7.977051e-04 0.000000e+00 0.000000e+00 0.000000e+00 4.784793e-04 5.821087e-01 5.198836e-01 0.000000e+00 0.000000e+00 0.000000e+00 0.000000e+00 0.000000e+00 0.000000e+00 0.000000e+00
9024.0 6.474933e-05 1.851367e-03 3.891391e-03 2.822050e-04 0.000000e+00 0.000000e+00 0.000000e+00 1.416136e-03 8.398151e-01 3.061534e-01 0.000000e+00 0.000000e+00 0.000000e+00 0.000000e+00 0.000000e+00 0.000000e+00 0.000000e+00
9043.9 8.786204e-04 2.685880e-03 4.497900e-03 3.872694e-04 0.000000e+00 0.000000e+00 0.000000e+00 3.375857e-03 9.697883e-01 1.447280e-01 0.000000e+00 0.000000e+00 0.000000e+00 0.000000e+00 0.000000e+00 0.000000e+00 0.000000e+00
9063.9 2.061521e-03 4.087697e-03 5.490257e-03 1.174435e-03 3.630639e-04 3.044410e-04 7.289084e-04 6.323704e-03 9.993352e-01 5.973763e-02 0.000000e+00 0.000000e+00 0.000000e+00 0.000000e+00 0.000000e+00 0.000000e+00 0.000000e+00
9084.0 3.852153e-03 6.137730e-03 7.140790e-03 2.731346e-03 2.027144e-03 2.003681e-03 2.506168e-03 9.385259e-03 1.000044e+00 2.993821e-02 1.529268e-03 7.986142e-04 7.210288e-04 7.519319e-04 7.804984e-04 1.399532e-03 1.683084e-03
9103.9 2.394174e-03 5.004190e-03 5.654988e-03 1.302290e-03 6.833089e-04 5.484715e-04 1.175003e-03 1.191048e-02 9.992679e-01 1.579520e-02 7.348899e-05 0.000000e+00 0.000000e+00 0.000000e+00 0.000000e+00 8.432725e-05 3.338464e-04
9124.1 2.257048e-03 5.061348e-03 5.336356e-03 1.070731e-03 6.137902e-04 4.787005e-04 1.139314e-03 2.149642e-02 9.988365e-01 8.154772e-03 0.000000e+00 0.000000e+00 0.000000e+00 0.000000e+00 0.000000e+00 2.211780e-05 1.837463e-04
9143.9 4.352382e-03 6.912539e-03 6.495471e-03 2.852296e-03 2.472211e-03 2.582226e-03 3.084215e-03 4.462223e-02 1.001056e+00 7.329288e-03 1.714606e-03 1.147620e-03 1.022973e-03 9.068264e-04 1.347248e-03 1.989428e-03 2.132034e-03
9164.0 6.949570e-03 9.280541e-03 7.839421e-03 5.110658e-03 4.722468e-03 4.988891e-03 5.503639e-03 8.316455e-02 9.882559e-01 8.485883e-03 4.040065e-03 3.534761e-03 3.348752e-03 3.345215e-03 3.772363e-03 4.447323e-03 4.611126e-03
9184.1 7.069356e-03 9.316051e-03 7.047989e-03 4.895353e-03 4.571212e-03 4.828460e-03 5.674823e-03 1.567083e-01 9.064813e-01 6.931443e-03 3.912907e-03 3.412860e-03 3.324592e-03 3.403948e-03 3.873896e-03 4.380299e-03 4.624565e-03
9203.9 6.921016e-03 9.167994e-03 6.726486e-03 4.504289e-03 4.309809e-03 4.607204e-03 5.744455e-03 3.228737e-01 7.408340e-01 5.675089e-03 3.592495e-03 3.118647e-03 3.092337e-03 3.139754e-03 3.664782e-03 3.939310e-03 4.310089e-03
9224.0 6.391364e-03 8.513211e-03 5.774333e-03 3.769536e-03 3.570811e-03 3.833084e-03 5.632331e-03 5.898683e-01 5.256280e-01 4.407128e-03 2.677649e-03 2.276364e-03 2.328947e-03 2.257828e-03 2.852146e-03 3.233884e-03 3.514685e-03
9244.0 6.439425e-03 8.235436e-03 4.941448e-03 3.314114e-03 3.134694e-03 3.340559e-03 6.107540e-03 8.416557e-01 3.175491e-01 3.767429e-03 2.176740e-03 1.863307e-03 1.841510e-03 1.883608e-03 2.627870e-03 3.098126e-03 3.158156e-03
9264.0 6.464665e-03 8.160528e-03 4.218849e-03 3.040786e-03 2.875132e-03 2.980789e-03 6.938224e-03 9.723494e-01 1.538695e-01 3.143705e-03 1.858743e-03 1.520068e-03 1.581358e-03 1.736282e-03 2.493458e-03 2.987112e-03 2.920920e-03
9284.0 5.722884e-03 7.261870e-03 3.193928e-03 2.152655e-03 1.894135e-03 2.160757e-03 7.237627e-03 1.001069e+00 6.352648e-02 1.920253e-03 8.586855e-04 5.624861e-04 7.060333e-04 8.232899e-04 1.532254e-03 1.923146e-03 1.908762e-03
9304.0 5.992757e-03 7.063328e-03 3.196080e-03 2.173793e-03 1.930703e-03 2.263994e-03 9.131883e-03 9.995949e-01 3.148461e-02 1.675345e-03 8.477142e-04 6.315268e-04 7.549809e-04 7.975999e-04 1.614045e-03 2.005721e-03 2.148870e-03
9324.0 6.645899e-03 7.210802e-03 3.381518e-03 2.436243e-03 2.346972e-03 2.845199e-03 1.381565e-02 9.990551e-01 1.951114e-02 1.910329e-03 1.211226e-03 1.058929e-03 1.140880e-03 1.188172e-03 2.010416e-03 2.370874e-03 2.727458e-03
9343.9 6.825537e-03 6.958260e-03 3.032631e-03 2.368313e-03 2.422177e-03 2.963569e-03 2.300430e-02 1.000117e+00 1.115476e-02 1.646688e-03 1.110868e-03 9.248599e-04 1.047815e-03 1.240042e-03 1.936140e-03 2.249648e-03 2.601408e-03
9364.1 6.500976e-03 5.726115e-03 2.359292e-03 1.795156e-03 1.843450e-03 2.596591e-03 4.316235e-02 1.001036e+00 6.331956e-03 9.336684e-04 4.256136e-04 1.901448e-04 3.532972e-04 7.191727e-04 1.357616e-03 1.517569e-03 1.767650e-03
9384.0 7.074533e-03 5.184550e-03 2.884319e-03 2.372460e-03 2.365730e-03 3.293886e-03 7.874031e-02 9.945765e-01 5.170240e-03 1.388716e-03 8.752704e-04 7.117669e-04 8.671426e-04 1.245969e-03 1.943965e-03 2.068380e-03 2.293490e-03
9403.9 6.877572e-03 4.362783e-03 2.731475e-03 2.280732e-03 2.231211e-03 3.409329e-03 1.494356e-01 9.236734e-01 3.853361e-03 1.417127e-03 8.283696e-04 6.864189e-04 8.801856e-04 1.226087e-03 1.839515e-03 2.052996e-03 2.318032e-03
9424.1 5.848778e-03 3.049557e-03 1.689479e-03 1.205440e-03 1.310609e-03 2.700672e-03 3.062557e-01 7.634802e-01 2.074655e-03 3.831648e-04 0.000000e+00 0.000000e+00 0.000000e+00 4.587517e-04 8.729660e-04 1.165288e-03 1.319615e-03
9443.9 5.653515e-03 2.512315e-03 1.248191e-03 8.749528e-04 1.018661e-03 2.853703e-03 5.601518e-01 5.539094e-01 1.374083e-03 0.000000e+00 0.000000e+00 0.000000e+00 0.000000e+00 3.758829e-04 6.746619e-04 9.305575e-04 9.973448e-04
9464.0 6.923595e-03 3.370044e-03 2.120058e-03 1.922229e-03 2.188424e-03 4.753455e-03 8.189273e-01 3.472571e-01 2.400332e-03 9.316279e-04 6.973049e-04 4.788197e-04 7.093325e-04 1.616123e-03 1.833310e-03 2.037438e-03 2.287981e-03
9484.1 7.400732e-03 3.533986e-03 2.368986e-03 2.248293e-03 2.676014e-03 6.256817e-03 9.633734e-01 1.774432e-01 2.401615e-03 1.320993e-03 1.124146e-03 9.480966e-04 1.140031e-03 2.007714e-03 2.184943e-03 2.361513e-03 2.997597e-03
9503.9 7.393188e-03 3.089821e-03 2.293296e-03 2.179252e-03 2.637697e-03 7.666949e-03 9.971208e-01 7.816033e-02 1.787265e-03 1.262673e-03 1.085465e-03 9.601976e-04 1.153177e-03 1.959450e-03 2.161986e-03 2.374168e-03 3.063347e-03
9523.9 7.124068e-03 2.606449e-03 2.115246e-03 2.081907e-03 2.563991e-03 9.536016e-03 9.976847e-01 3.601173e-02 1.384634e-03 1.145778e-03 1.023373e-03 8.563897e-04 1.047981e-03 1.770799e-03 2.024206e-03 2.335666e-03 2.871114e-03
9544.0 6.762372e-03 2.543285e-03 2.164285e-03 2.078598e-03 2.817502e-03 1.371843e-02 9.976652e-01 2.135411e-02 1.618119e-03 1.277564e-03 1.111781e-03 9.079193e-04 1.222238e-03 1.812256e-03 2.025889e-03 2.509826e-03 2.958286e-03
9564.0 6.440919e-03 2.744425e-03 2.338431e-03 2.267692e-03 3.118424e-03 2.127729e-02 9.988293e-01 1.339234e-02 1.889616e-03 1.452268e-03 1.215386e-03 1.094386e-03 1.434445e-03 1.983522e-03 2.200928e-03 2.789013e-03 3.301232e-03
9584.0 5.395951e-03 2.263549e-03 1.925526e-03 1.918319e-03 2.682035e-03 3.908848e-02 9.996783e-01 7.844026e-03 1.382625e-03 9.585053e-04 6.965438e-04 6.304825e-04 9.943340e-04 1.528970e-03 1.859827e-03 2.327876e-03 2.869382e-03
9604.0 3.876478e-03 1.624651e-03 1.422469e-03 1.516730e-03 2.302415e-03 7.221695e-02 9.993020e-01 5.040241e-03 7.114087e-04 3.207791e-04 1.178578e-04 9.515092e-05 5.464462e-04 8.409866e-04 1.260628e-03 1.527885e-03 2.235068e-03
9623.9 3.094915e-03 1.495319e-03 1.428522e-03 1.480211e-03 2.542464e-03 1.294337e-01 9.523629e-01 3.620918e-03 5.593517e-04 2.810712e-04 7.184676e-05 8.099463e-05 5.770615e-04 8.083716e-04 1.100647e-03 1.323630e-03 2.251479e-03
9644.1 2.609954e-03 1.109498e-03 1.055890e-03 1.070230e-03 2.395471e-03 2.594814e-01 8.192037e-01 2.508108e-03 1.341150e-04 0.000000e+00 0.000000e+00 0.000000e+00 3.022151e-04 5.228649e-04 7.063417e-04 1.018070e-03 2.007997e-03
9664.0 1.541639e-03 9.603277e-05 3.626567e-05 9.023689e-05 1.973191e-03 4.903072e-01 6.236797e-01 8.952682e-04 0.000000e+00 0.000000e+00 0.000000e+00 0.000000e+00 0.000000e+00 0.000000e+00 0.000000e+00 2.099859e-04 1.115639e-03
9683.9 1.873009e-03 7.234769e-04 6.394625e-04 8.700077e-04 3.618327e-03 7.561887e-01 4.195547e-01 1.443420e-03 0.000000e+00 0.000000e+00 0.000000e+00 0.000000e+00 7.089513e-05 2.928277e-04 4.136865e-04 9.609114e-04 1.917091e-03
9704.1 2.329580e-03 1.409624e-03 1.410953e-03 1.732640e-03 5.346764e-03 9.333888e-01 2.350955e-01 1.840698e-03 3.131879e-04 2.737082e-04 1.203384e-04 2.680683e-04 7.364555e-04 1.072250e-03 1.214887e-03 1.721760e-03 2.510413e-03
9723.9 9.297443e-04 2.518160e-04 3.856945e-04 7.632609e-04 5.213686e-03 9.938674e-01 1.078921e-01 4.231380e-04 0.000000e+00 0.000000e+00 0.000000e+00 0.000000e+00 0.000000e+00 1.266042e-04 3.671898e-04 7.921621e-04 1.343820e-03
9744.0 1.933958e-04 0.000000e+00 0.000000e+00 3.098568e-04 6.299958e-03 9.984381e-01 4.688758e-02 0.000000e+00 0.000000e+00 0.000000e+00 0.000000e+00 0.000000e+00 0.000000e+00 0.000000e+00 1.480970e-04 5.970288e-04 9.560973e-04
9764.1 1.142865e-03 8.871764e-04 1.101343e-03 1.429459e-03 1.071334e-02 9.989546e-01 2.697373e-02 7.239981e-04 2.723004e-04 7.601210e-06 1.036803e-05 2.315158e-04 6.620698e-04 1.039219e-03 1.365464e-03 1.942997e-03 1.866890e-03
9783.9 9.012592e-04 7.108498e-04 8.780065e-04 1.361126e-03 1.584160e-02 9.982552e-01 1.598689e-02 4.819277e-04 4.399279e-05 0.000000e+00 0.000000e+00 3.024860e-05 4.782326e-04 9.645957e-04 1.221914e-03 1.873653e-03 1.225524e-03
9803.9 0.000000e+00 0.000000e+00 0.000000e+00 1.560373e-04 2.464335e-02 9.991033e-01 7.958314e-03 0.000000e+00 0.000000e+00 0.000000e+00 0.000000e+00 0.000000e+00 0.000000e+00 0.000000e+00 0.000000e+00 3.939018e-04 0.000000e+00
9824.0 0.000000e+00 0.000000e+00 0.000000e+00 8.417229e-04 4.856410e-02 1.000214e+00 5.260261e-03 0.000000e+00 0.000000e+00 0.000000e+00 0.000000e+00 0.000000e+00 0.000000e+00 0.000000e+00 3.185197e-04 9.301646e-04 5.563993e-05
9844.0 2.120851e-03 2.188289e-03 2.340255e-03 3.369159e-03 9.145589e-02 9.889038e-01 5.946880e-03 1.654419e-03 1.156876e-03 1.217279e-03 1.136411e-03 1.509338e-03 2.076790e-03 2.196837e-03 2.556461e-03 3.422896e-03 2.446264e-03
9864.0 2.740984e-03 2.857191e-03 3.093545e-03 4.313583e-03 1.638185e-01 9.155003e-01 5.316712e-03 2.236673e-03 1.820956e-03 1.906620e-03 1.913829e-03 2.317251e-03 2.803871e-03 2.853906e-03 3.231871e-03 4.290998e-03 3.148133e-03
9883.9 1.495094e-03 1.848923e-03 2.168226e-03 3.600112e-03 3.155334e-01 7.608487e-01 3.302081e-03 1.123267e-03 7.672907e-04 7.869638e-04 8.738958e-04 1.317469e-03 1.719704e-03 1.807331e-03 2.208633e-03 3.266861e-03 2.009058e-03
9904.1 8.245801e-04 1.256336e-03 1.587063e-03 3.625162e-03 5.660178e-01 5.561530e-01 2.127227e-03 5.038239e-04 5.658228e-05 6.204066e-05 1.591643e-04 7.061776e-04 9.737105e-04 1.194799e-03 1.600710e-03 2.570614e-03 1.112824e-03
9924.0 9.831906e-04 1.376511e-03 1.796524e-03 4.664813e-03 8.139165e-01 3.640879e-01 2.069923e-03 5.902955e-04 1.399395e-04 1.658546e-04 2.449745e-04 8.239731e-04 1.162768e-03 1.343344e-03 1.709623e-03 2.597603e-03 1.028109e-03
9943.9 1.277427e-03 1.659272e-03 2.140216e-03 5.822941e-03 9.559968e-01 2.050025e-01 2.034182e-03 8.345490e-04 4.597576e-04 4.044215e-04 5.210518e-04 1.161182e-03 1.525311e-03 1.573509e-03 1.981704e-03 2.780421e-03 1.265903e-03
9964.1 1.758169e-03 2.105661e-03 2.587756e-03 7.279392e-03 9.970472e-01 9.747074e-02 2.059265e-03 1.260451e-03 1.007313e-03 9.634328e-04 1.107995e-03 1.692052e-03 2.048019e-03 2.120689e-03 2.518782e-03 3.146045e-03 1.886134e-03
9983.9 1.632468e-03 1.872299e-03 2.353670e-03 8.808854e-03 1.000011e+00 4.450954e-02 1.737508e-03 1.022820e-03 8.749060e-04 8.490518e-04 1.107764e-03 1.590841e-03 1.839094e-03 2.094814e-03 2.499377e-03 2.771406e-03 1.748671e-03
10004.0 1.787439e-03 2.062306e-03 2.789933e-03 1.258583e-02 9.998985e-01 2.626177e-02 1.818301e-03 1.167472e-03 9.861808e-04 1.012376e-03 1.308925e-03 1.700184e-03 2.029761e-03 2.280050e-03 2.794074e-03 2.672748e-03 1.843911e-03
10024.1 1.562968e-03 1.973003e-03 2.670796e-03 1.765690e-02 9.992312e-01 1.614529e-02 1.465987e-03 9.792217e-04 7.197366e-04 7.267759e-04 9.951447e-04 1.428751e-03 1.724845e-03 2.007219e-03 2.591141e-03 2.213021e-03 1.379238e-03
10043.9 9.575522e-04 1.409135e-03 2.124432e-03 2.688558e-02 9.996695e-01 9.270722e-03 8.106232e-04 2.920596e-04 1.203662e-05 1.236375e-04 2.950125e-04 7.860184e-04 9.757527e-04 1.358361e-03 1.936588e-03 1.412423e-03 5.360089e-04
10063.9 9.012094e-04 1.297027e-03 2.061548e-03 4.962511e-02 1.001442e+00 6.031435e-03 7.230927e-04 1.689176e-04 0.000000e+00 6.912008e-05 1.725888e-04 6.954349e-04 8.410138e-04 1.290384e-03 1.899862e-03 1.197768e-03 4.098124e-04
10084.0 6.311095e-04 1.104851e-03 2.098723e-03 9.165416e-02 9.900169e-01 4.191801e-03 4.463790e-04 0.000000e+00 0.000000e+00 0.000000e+00 5.053721e-05 5.060503e-04 6.675542e-04 1.086144e-03 1.930915e-03 9.223680e-04 1.893251e-04
10104.0 0.000000e+00 0.000000e+00 1.026730e-03 1.576105e-01 9.239566e-01 1.715224e-03 0.000000e+00 0.000000e+00 0.000000e+00 0.000000e+00 0.000000e+00 0.000000e+00 0.000000e+00 0.000000e+00 6.946008e-04 0.000000e+00 0.000000e+00
10123.9 0.000000e+00 2.978227e-04 1.890304e-03 2.962932e-01 7.793089e-01 1.300970e-03 0.000000e+00 0.000000e+00 0.000000e+00 0.000000e+00 0.000000e+00 0.000000e+00 0.000000e+00 0.000000e+00 1.034235e-03 0.000000e+00 0.000000e+00
10143.9 5.645272e-04 1.138432e-03 3.183084e-03 5.274593e-01 5.876043e-01 1.603201e-03 0.000000e+00 0.000000e+00 0.000000e+00 0.000000e+00 0.000000e+00 3.202151e-04 4.729638e-04 7.727534e-04 1.646438e-03 3.481992e-04 0.000000e+00
10164.1 0.000000e+00 4.406556e-04 3.297680e-03 7.838033e-01 3.930179e-01 6.640934e-04 0.000000e+00 0.000000e+00 0.000000e+00 0.000000e+00 0.000000e+00 0.000000e+00 0.000000e+00 1.061853e-04 8.270855e-04 0.000000e+00 0.000000e+00
10184.0 0.000000e+00 1.611880e-05 3.616917e-03 9.433199e-01 2.279136e-01 5.510454e-06 0.000000e+00 0.000000e+00 0.000000e+00 0.000000e+00 0.000000e+00 0.000000e+00 0.000000e+00 0.000000e+00 2.708006e-04 0.000000e+00 0.000000e+00
10203.9 0.000000e+00 7.790290e-04 5.532993e-03 9.964359e-01 1.100947e-01 5.414588e-04 0.000000e+00 0.000000e+00 0.000000e+00 0.000000e+00 0.000000e+00 0.000000e+00 0.000000e+00 2.699314e-04 8.574996e-04 0.000000e+00 0.000000e+00
10224.0 0.000000e+00 1.712506e-04 6.219116e-03 9.983553e-01 4.863956e-02 0.000000e+00 0.000000e+00 0.000000e+00 0.000000e+00 0.000000e+00 0.000000e+00 0.000000e+00 0.000000e+00 0.000000e+00 3.210472e-05 0.000000e+00 0.000000e+00
10244.1 0.000000e+00 0.000000e+00 8.717817e-03 9.975351e-01 2.581755e-02 0.000000e+00 0.000000e+00 0.000000e+00 0.000000e+00 0.000000e+00 0.000000e+00 0.000000e+00 0.000000e+00 0.000000e+00 0.000000e+00 0.000000e+00 0.000000e+00
10263.9 0.000000e+00 7.033794e-04 1.472496e-02 9.982593e-01 1.664436e-02 0.000000e+00 0.000000e+00 0.000000e+00 0.000000e+00 0.000000e+00 0.000000e+00 0.000000e+00 0.000000e+00 4.502850e-04 3.446664e-05 0.000000e+00 0.000000e+00
10284.0 1.362196e-03 2.491232e-03 2.497899e-02 9.998247e-01 1.069774e-02 8.666160e-04 2.723766e-04 1.069707e-04 8.160495e-05 2.779302e-04 8.590319e-04 1.090237e-03 1.339074e-03 2.115759e-03 1.440205e-03 7.971434e-04 4.900092e-04
10304.0 7.829381e-04 2.182634e-03 4.469610e-02 1.000822e+00 6.191037e-03 1.280266e-04 0.000000e+00 0.000000e+00 0.000000e+00 0.000000e+00 2.243481e-04 4.938976e-04 6.503901e-04 1.536492e-03 6.741369e-04 1.250272e-04 0.000000e+00
10324.0 0.000000e+00 1.443037e-03 8.352137e-02 9.975260e-01 3.580042e-03 0.000000e+00 0.000000e+00 0.000000e+00 0.000000e+00 0.000000e+00 0.000000e+00 0.000000e+00 0.000000e+00 5.578313e-04 0.000000e+00 0.000000e+00 0.000000e+00
10344.0 0.000000e+00 1.683234e-03 1.461234e-01 9.485604e-01 2.434408e-03 0.000000e+00 0.000000e+00 0.000000e+00 0.000000e+00 0.000000e+00 0.000000e+00 0.000000e+00 0.000000e+00 7.451905e-04 0.000000e+00 0.000000e+00 0.000000e+00
10364.0 1.114221e-03 2.933345e-03 2.670155e-01 8.203758e-01 2.675947e-03 2.646791e-04 0.000000e+00 0.000000e+00 0.000000e+00 0.000000e+00 3.796846e-04 5.618302e-04 8.601495e-04 1.868676e-03 7.613408e-04 1.145970e-04 0.000000e+00
10383.9 1.051822e-03 3.361431e-03 4.819554e-01 6.340868e-01 1.791280e-03 1.368618e-06 0.000000e+00 0.000000e+00 0.000000e+00 0.000000e+00 2.262322e-04 4.519471e-04 7.877317e-04 1.720753e-03 5.850359e-04 0.000000e+00 0.000000e+00
10404.1 7.470414e-04 3.816728e-03 7.416129e-01 4.407785e-01 1.033182e-03 0.000000e+00 0.000000e+00 0.000000e+00 0.000000e+00 0.000000e+00 0.000000e+00 1.664314e-04 6.004352e-04 1.395171e-03 1.591399e-04 0.000000e+00 0.000000e+00
10424.0 7.220923e-04 4.815863e-03 9.211393e-01 2.700447e-01 8.536146e-04 0.000000e+00 0.000000e+00 0.000000e+00 0.000000e+00 0.000000e+00 0.000000e+00 1.528403e-04 6.724090e-04 1.282561e-03 1.110222e-04 0.000000e+00 0.000000e+00
10444.1 2.150829e-03 7.411569e-03 9.898346e-01 1.390639e-01 2.030995e-03 7.375002e-04 5.882116e-04 4.029342e-04 5.275627e-04 9.965341e-04 1.254489e-03 1.507007e-03 2.001258e-03 2.461031e-03 1.385433e-03 7.913611e-04 6.337296e-04
10464.0 2.212944e-03 8.787556e-03 9.997443e-01 6.372188e-02 1.532699e-03 6.827245e-04 5.562801e-04 3.347620e-04 4.261718e-04 8.880990e-04 1.230583e-03 1.503018e-03 1.935137e-03 2.289757e-03 1.238975e-03 6.549740e-04 5.337400e-04
10484.1 2.160903e-03 1.147733e-02 9.999534e-01 3.279016e-02 9.758370e-04 5.794778e-04 4.354639e-04 2.101775e-04 2.380940e-04 8.500187e-04 1.155229e-03 1.495434e-03 1.840259e-03 2.109281e-03 9.948360e-04 5.174487e-04 3.765645e-04
10504.1 2.405810e-03 1.621183e-02 9.999232e-01 2.065856e-02 9.087204e-04 7.044956e-04 5.324755e-04 2.859819e-04 3.791748e-04 1.053492e-03 1.276904e-03 1.695128e-03 2.048820e-03 2.013263e-03 1.066538e-03 6.202600e-04 5.127867e-04
10523.9 2.959420e-03 2.252526e-02 9.992069e-01 1.349363e-02 1.224487e-03 1.000650e-03 8.226209e-04 6.828026e-04 7.979365e-04 1.525783e-03 1.637270e-03 2.047811e-03 2.452453e-03 2.029269e-03 1.384967e-03 1.038607e-03 8.574153e-04
10543.9 2.585314e-03 3.496826e-02 9.997823e-01 7.865372e-03 4.987907e-04 3.201450e-04 9.024197e-05 4.282441e-06 1.744815e-04 8.945363e-04 1.003014e-03 1.235784e-03 1.842147e-03 1.148373e-03 6.829069e-04 4.058198e-04 1.321251e-04
10563.9 2.476636e-03 6.736545e-02 1.000650e+00 5.351437e-03 6.954872e-05 0.000000e+00 0.000000e+00 0.000000e+00 0.000000e+00 5.232232e-04 6.163247e-04 7.098707e-04 1.519867e-03 6.670630e-04 2.911132e-04 3.403472e-05 0.000000e+00
10584.1 4.814878e-03 1.222581e-01 9.787498e-01 6.230442e-03 2.161028e-03 2.087592e-03 1.804405e-03 1.839254e-03 2.048918e-03 2.640074e-03 2.773824e-03 2.870346e-03 3.785398e-03 2.798490e-03 2.398141e-03 2.226493e-03 1.963071e-03
10604.1 5.541917e-03 2.065189e-01 8.906523e-01 5.692031e-03 2.668315e-03 2.595004e-03 2.369090e-03 2.462983e-03 2.654341e-03 3.204735e-03 3.323249e-03 3.493057e-03 4.414366e-03 3.443595e-03 2.912063e-03 2.859541e-03 2.463312e-03
10624.0 4.089215e-03 3.672046e-01 7.290835e-01 3.237799e-03 9.877126e-04 8.569405e-04 6.370423e-04 7.114419e-04 9.027894e-04 1.404657e-03 1.507491e-03 1.730293e-03 2.694434e-03 1.715991e-03 1.129303e-03 1.037385e-03 5.619062e-04
10644.1 2.528493e-03 6.086246e-01 5.381384e-01 5.646822e-04 0.000000e+00 0.000000e+00 0.000000e+00 0.000000e+00 0.000000e+00 0.000000e+00 0.000000e+00 0.000000e+00 4.382207e-04 0.000000e+00 0.000000e+00 0.000000e+00 0.000000e+00
10664.0 3.937524e-03 8.342772e-01 3.638487e-01 6.280968e-04 0.000000e+00 0.000000e+00 0.000000e+00 0.000000e+00 0.000000e+00 0.000000e+00 0.000000e+00 4.472668e-05 8.233238e-04 0.000000e+00 0.000000e+00 0.000000e+00 0.000000e+00
10684.1 5.413228e-03 9.604202e-01 2.129211e-01 8.119958e-04 0.000000e+00 0.000000e+00 0.000000e+00 0.000000e+00 0.000000e+00 0.000000e+00 0.000000e+00 4.424876e-04 1.173634e-03 4.440017e-06 0.000000e+00 0.000000e+00 0.000000e+00
10703.9 6.821193e-03 9.967895e-01 1.052123e-01 6.137998e-04 0.000000e+00 0.000000e+00 0.000000e+00 0.000000e+00 0.000000e+00 0.000000e+00 0.000000e+00 5.667661e-04 1.138529e-03 5.195755e-05 0.000000e+00 0.000000e+00 0.000000e+00
10723.9 9.305958e-03 9.982657e-01 4.970737e-02 4.869283e-04 0.000000e+00 0.000000e+00 0.000000e+00 0.000000e+00 0.000000e+00 1.969573e-04 2.522284e-04 8.667048e-04 1.321976e-03 2.407096e-04 0.000000e+00 0.000000e+00 0.000000e+00
10744.0 1.394935e-02 9.980473e-01 2.917567e-02 8.858938e-04 3.719850e-04 3.045360e-04 1.710512e-04 2.294660e-04 5.878145e-04 9.373207e-04 1.114173e-03 1.601755e-03 1.960309e-03 9.089885e-04 4.613090e-04 1.446680e-04 9.812743e-05
10764.0 1.996902e-02 9.984250e-01 2.012501e-02 1.762095e-03 1.370855e-03 1.338703e-03 1.253436e-03 1.301462e-03 1.637339e-03 1.985197e-03 2.270915e-03 2.631157e-03 2.747510e-03 1.876381e-03 1.496957e-03 1.238593e-03 1.176070e-03
10783.9 2.870600e-02 9.997323e-01 1.376585e-02 2.441218e-03 2.140473e-03 2.096113e-03 1.956012e-03 2.025970e-03 2.274451e-03 2.675744e-03 3.049577e-03 3.400419e-03 3.201102e-03 2.593764e-03 2.280694e-03 2.041666e-03 1.985280e-03
10804.1 5.052696e-02 1.000976e+00 1.011950e-02 3.029398e-03 2.704314e-03 2.684173e-03 2.484511e-03 2.605423e-03 2.864194e-03 3.259543e-03 3.586467e-03 4.021549e-03 3.739928e-03 3.109664e-03 2.855461e-03 2.651665e-03 2.614699e-03
10824.1 9.012260e-02 9.986969e-01 7.631931e-03 2.670575e-03 2.325103e-03 2.222917e-03 2.164979e-03 2.229934e-03 2.487993e-03 2.845957e-03 3.103049e-03 3.731180e-03 3.243178e-03 2.686896e-03 2.388146e-03 2.151855e-03 2.093158e-03
10843.9 1.479016e-01 9.712957e-01 5.851756e-03 2.530088e-03 2.152361e-03 2.081646e-03 2.120874e-03 2.063965e-03 2.333676e-03 2.686766e-03 2.846629e-03 3.773132e-03 2.977080e-03 2.484282e-03 2.219625e-03 1.914785e-03 1.969499e-03
10864.1 2.496275e-01 8.790014e-01 4.716391e-03 2.381936e-03 2.007968e-03 1.946134e-03 1.987577e-03 1.909565e-03 2.241263e-03 2.576759e-03 2.665812e-03 3.808795e-03 2.772664e-03 2.315917e-03 2.112083e-03 1.828125e-03 1.905065e-03
10883.9 4.321130e-01 7.226329e-01 4.459588e-03 2.695366e-03 2.377796e-03 2.351651e-03 2.342341e-03 2.357825e-03 2.636272e-03 2.986781e-03 3.098643e-03 4.178866e-03 3.084958e-03 2.655038e-03 2.485142e-03 2.313028e-03 2.278525e-03
10904.0 6.725253e-01 5.414654e-01 4.397789e-03 3.030503e-03 2.689187e-03 2.683097e-03 2.689996e-03 2.729467e-03 2.977063e-03 3.295346e-03 3.516108e-03 4.456530e-03 3.415182e-03 3.025044e-03 2.774475e-03 2.630108e-03 2.522512e-03
10924.0 8.717015e-01 3.727443e-01 3.830357e-03 2.537668e-03 2.122904e-03 2.120429e-03 2.138178e-03 2.239479e-03 2.439610e-03 2.720694e-03 3.057127e-03 3.763114e-03 2.852909e-03 2.509812e-03 2.245083e-03 2.000446e-03 1.947980e-03
10944.0 9.691240e-01 2.258836e-01 2.356537e-03 1.026130e-03 6.740669e-04 5.789555e-04 5.965069e-04 8.333803e-04 8.845063e-04 1.200080e-03 1.625224e-03 2.080237e-03 1.226279e-03 8.996257e-04 6.677533e-04 3.728361e-04 3.538462e-04
10964.0 9.936793e-01 1.164539e-01 1.587726e-03 3.497865e-04 1.962929e-04 6.482461e-05 3.260089e-05 4.251053e-04 2.986409e-04 6.731925e-04 1.133723e-03 1.469124e-03 5.218863e-04 2.413694e-04 2.627355e-05 0.000000e+00 0.000000e+00
10984.0 9.951648e-01 5.580186e-02 1.367451e-03 3.484539e-04 2.590533e-04 2.053226e-04 1.835216e-04 5.876944e-04 4.816462e-04 8.568373e-04 1.235002e-03 1.621284e-03 6.614254e-04 3.500488e-04 1.890194e-04 0.000000e+00 0.000000e+00
11003.9 9.962481e-01 3.198881e-02 2.037971e-03 1.281880e-03 1.128708e-03 1.083422e-03 1.135003e-03 1.502011e-03 1.449283e-03 1.873729e-03 2.158308e-03 2.466448e-03 1.574485e-03 1.353486e-03 1.174003e-03 9.293815e-04 8.088467e-04
11024.1 9.964666e-01 2.119318e-02 2.201499e-03 1.622826e-03 1.432746e-03 1.364875e-03 1.482290e-03 1.775500e-03 1.794540e-03 2.211506e-03 2.585680e-03 2.631933e-03 1.881927e-03 1.665745e-03 1.453236e-03 1.229850e-03 1.228321e-03
11043.9 9.981752e-01 1.301421e-02 1.458718e-03 9.392084e-04 7.706664e-04 7.280537e-04 8.378772e-04 1.124160e-03 1.252674e-03 1.527239e-03 2.036073e-03 1.937734e-03 1.187394e-03 9.693567e-04 7.240888e-04 6.376640e-04 5.252660e-04
11064.1 9.991784e-01 7.100789e-03 0.000000e+00 0.000000e+00 0.000000e+00 0.000000e+00 0.000000e+00 0.000000e+00 0.000000e+00 0.000000e+00 4.792843e-04 3.065965e-04 0.000000e+00 0.000000e+00 0.000000e+00 0.000000e+00 0.000000e+00
11084.1 9.976279e-01 5.510301e-03 1.414433e-04 0.000000e+00 0.000000e+00 0.000000e+00 0.000000e+00 0.000000e+00 4.810446e-05 3.481608e-04 8.527872e-04 5.017535e-04 0.000000e+00 0.000000e+00 0.000000e+00 0.000000e+00 0.000000e+00
11103.9 9.706522e-01 5.077268e-03 9.179059e-04 4.011015e-04 4.731256e-04 3.066032e-04 6.034031e-04 7.422566e-04 8.653877e-04 1.175863e-03 1.833509e-03 1.237806e-03 5.938300e-04 3.749046e-04 2.316205e-04 1.384991e-04 0.000000e+00
11123.9 8.795714e-01 5.406181e-03 2.224710e-03 1.746058e-03 1.766001e-03 1.687036e-03 1.928575e-03 2.021481e-03 2.077611e-03 2.339400e-03 3.095418e-03 2.338887e-03 1.857764e-03 1.608852e-03 1.461632e-03 1.376602e-03 1.248751e-03
11143.9 7.238076e-01 3.237833e-03 7.705815e-04 4.664793e-04 4.104331e-04 5.228666e-04 6.846949e-04 7.899185e-04 9.340016e-04 1.249375e-03 2.060728e-03 1.246644e-03 9.259531e-04 7.443174e-04 5.888356e-04 5.051806e-04 3.611263e-04
11163.9 5.331578e-01 0.000000e+00 0.000000e+00 0.000000e+00 0.000000e+00 0.000000e+00 0.000000e+00 0.000000e+00 0.000000e+00 0.000000e+00 0.000000e+00 0.000000e+00 0.000000e+00 0.000000e+00 0.000000e+00 0.000000e+00 0.000000e+00
11204.0 2.547880e-01 0.000000e+00 0.000000e+00 0.000000e+00 0.000000e+00 0.000000e+00 0.000000e+00 0.000000e+00 0.000000e+00 0.000000e+00 0.000000e+00 0.000000e+00 0.000000e+00 0.000000e+00 0.000000e+00 0.000000e+00 0.000000e+00
11224.1 1.806436e-01 0.000000e+00 0.000000e+00 0.000000e+00 0.000000e+00 0.000000e+00 0.000000e+00 0.000000e+00 0.000000e+00 0.000000e+00 0.000000e+00 0.000000e+00 0.000000e+00 0.000000e+00 0.000000e+00 0.000000e+00 0.000000e+00
11244.0 9.150080e-02 4.416681e-04 0.000000e+00 0.000000e+00 0.000000e+00 0.000000e+00 0.000000e+00 0.000000e+00 0.000000e+00 0.000000e+00 5.349109e-04 0.000000e+00 0.000000e+00 0.000000e+00 0.000000e+00 0.000000e+00 0.000000e+00
11264.0 2.501393e-02 1.199207e-03 1.992606e-05 0.000000e+00 0.000000e+00 0.000000e+00 1.186160e-04 1.626296e-04 3.107195e-04 7.159941e-04 9.288593e-04 1.440901e-04 0.000000e+00 0.000000e+00 0.000000e+00 0.000000e+00 0.000000e+00
11284.1 2.205332e-02 1.888629e-04 0.000000e+00 0.000000e+00 0.000000e+00 0.000000e+00 0.000000e+00 0.000000e+00 0.000000e+00 8.102275e-05 2.373337e-04 0.000000e+00 0.000000e+00 0.000000e+00 0.000000e+00 0.000000e+00 0.000000e+00
11304.1 1.452653e-02 2.829953e-04 0.000000e+00 0.000000e+00 0.000000e+00 0.000000e+00 0.000000e+00 0.000000e+00 0.000000e+00 2.251608e-04 1.416259e-04 0.000000e+00 0.000000e+00 0.000000e+00 0.000000e+00 0.000000e+00 0.000000e+00
11324.1 9.948325e-03 1.147537e-03 4.416966e-04 1.962711e-04 3.630262e-04 3.454513e-04 5.639506e-04 8.090500e-04 1.046454e-03 1.285468e-03 9.538329e-04 6.662444e-04 4.531310e-04 1.740187e-04 1.915043e-04 1.757928e-05 0.000000e+00
11344.0 8.273521e-03 2.081503e-03 1.479925e-03 1.298335e-03 1.417492e-03 1.434753e-03 1.777649e-03 1.920104e-03 2.175978e-03 2.523219e-03 2.058029e-03 1.651154e-03 1.588973e-03 1.292057e-03 1.335917e-03 1.062505e-03 1.059052e-03
11363.9 7.486339e-03 2.406850e-03 1.979800e-03 1.837661e-03 1.987627e-03 1.992230e-03 2.321935e-03 2.447487e-03 2.579916e-03 3.133448e-03 2.655917e-03 2.111108e-03 2.064892e-03 1.852263e-03 1.860950e-03 1.615284e-03 1.736029e-03
11384.1 6.328408e-03 2.526736e-03 2.153642e-03 2.044256e-03 2.191770e-03 2.178048e-03 2.399109e-03 2.600958e-03 2.702488e-03 3.413518e-03 2.899035e-03 2.379792e-03 2.224278e-03 2.029691e-03 2.047831e-03 1.837613e-03 1.952072e-03
11403.9 5.036183e-03 2.400212e-03 2.085279e-03 1.959944e-03 2.120257e-03 2.106694e-03 2.303714e-03 2.548328e-03 2.707965e-03 3.446935e-03 2.837088e-03 2.356646e-03 2.196887e-03 2.000296e-03 2.037557e-03 1.784660e-03 1.906752e-03
11424.0 3.477615e-03 1.556326e-03 1.334606e-03 1.220476e-03 1.374075e-03 1.438301e-03 1.674268e-03 1.834498e-03 1.986498e-03 2.802069e-03 1.952770e-03 1.500833e-03 1.414139e-03 1.196853e-03 1.281541e-03 9.760110e-04 1.023681e-03
11444.0 2.477725e-03 8.699260e-04 7.432247e-04 6.156585e-04 7.639083e-04 9.182308e-04 1.173963e-03 1.199970e-03 1.395406e-03 2.102691e-03 1.144601e-03 7.755893e-04 7.241388e-04 5.661310e-04 6.116990e-04 3.371338e-04 3.375441e-04
11464.1 2.611832e-03 1.169597e-03 1.004098e-03 9.117809e-04 1.033217e-03 1.234846e-03 1.492297e-03 1.447889e-03 1.820440e-03 2.306477e-03 1.347584e-03 1.054824e-03 9.947580e-04 8.607989e-04 8.585136e-04 6.607479e-04 5.842134e-04
11484.0 2.149450e-03 9.125198e-04 7.243594e-04 6.981593e-04 8.008590e-04 9.632104e-04 1.222531e-03 1.208215e-03 1.698372e-03 2.019997e-03 1.091230e-03 8.091886e-04 7.710137e-04 6.397644e-04 5.832338e-04 3.963401e-04 3.189309e-04
11504.0 1.468313e-03 4.627917e-04 3.565759e-04 3.802167e-04 4.292276e-04 6.842455e-04 8.975151e-04 8.429410e-04 1.376392e-03 1.652867e-03 7.165159e-04 4.000145e-04 3.690919e-04 2.525943e-04 1.805498e-04 2.296724e-05 0.000000e+00
11523.9 1.170757e-03 4.034705e-04 2.984905e-04 3.931129e-04 3.952510e-04 6.969867e-04 8.917075e-04 8.427841e-04 1.308163e-03 1.595502e-03 6.971466e-04 4.103485e-04 3.163281e-04 2.246744e-04 7.680791e-05 5.038075e-05 0.000000e+00
11544.1 1.859565e-03 1.285798e-03 1.169425e-03 1.219430e-03 1.217775e-03 1.492550e-03 1.625872e-03 1.735387e-03 2.080817e-03 2.408662e-03 1.540241e-03 1.324073e-03 1.149638e-03 1.080322e-03 8.951891e-04 1.005670e-03 7.082743e-04
11563.9 1.717016e-03 1.223440e-03 1.159528e-03 1.176422e-03 1.119565e-03 1.418550e-03 1.474365e-03 1.726770e-03 2.058064e-03 2.215493e-03 1.459930e-03 1.238876e-03 1.112984e-03 1.061083e-03 8.697686e-04 9.895418e-04 6.142593e-04
11584.0 5.876856e-04 1.755148e-04 1.783848e-04 1.624439e-04 1.375300e-04 4.070363e-04 4.359985e-04 6.399820e-04 1.153961e-03 1.000941e-03 2.895707e-04 1.626200e-04 4.141629e-05 2.625191e-05 0.000000e+00 0.000000e+00 0.000000e+00
11604.0 0.000000e+00 0.000000e+00 0.000000e+00 0.000000e+00 0.000000e+00 0.000000e+00 0.000000e+00 0.000000e+00 0.000000e+00 0.000000e+00 0.000000e+00 0.000000e+00 0.000000e+00 0.000000e+00 0.000000e+00 0.000000e+00 0.000000e+00
11624.0 0.000000e+00 0.000000e+00 0.000000e+00 0.000000e+00 0.000000e+00 0.000000e+00 0.000000e+00 0.000000e+00 5.828142e-04 0.000000e+00 0.000000e+00 0.000000e+00 0.000000e+00 0.000000e+00 0.000000e+00 0.000000e+00 0.000000e+00
11644.0 9.840205e-04 5.419849e-04 4.940737e-04 5.675522e-04 4.186435e-04 8.720215e-04 1.079470e-03 1.157300e-03 1.737000e-03 1.052000e-03 7.386547e-04 5.918069e-04 3.571955e-04 3.822257e-04 2.478834e-04 2.523138e-04 4.158274e-05
11664.0 1.557437e-03 1.079681e-03 1.066684e-03 1.077008e-03 9.332051e-04 1.399982e-03 1.511164e-03 1.597174e-03 2.260200e-03 1.536974e-03 1.231324e-03 1.053442e-03 9.272586e-04 9.141775e-04 7.378090e-04 7.757974e-04 6.141831e-04
11684.1 1.433528e-03 8.477464e-04 8.645923e-04 9.558857e-04 8.489283e-04 1.315109e-03 1.353073e-03 1.436865e-03 2.026546e-03 1.306946e-03 9.911954e-04 8.623102e-04 7.382961e-04 7.050630e-04 5.968328e-04 5.366724e-04 6.410019e-04
11704.0 2.001784e-03 1.303772e-03 1.360483e-03 1.451131e-03 1.346001e-03 1.831621e-03 1.935950e-03 2.017054e-03 2.620031e-03 1.879448e-03 1.544074e-03 1.459085e-03 1.259301e-03 1.232912e-03 1.136520e-03 1.050537e-03 1.492382e-03
11724.1 2.583586e-03 2.113724e-03 2.120542e-03 2.123981e-03 2.183776e-03 2.513706e-03 2.582453e-03 2.736842e-03 3.419900e-03 2.603175e-03 2.248292e-03 2.201268e-03 1.993091e-03 1.946494e-03 1.873459e-03 1.809996e-03 2.323054e-03
11744.1 2.404370e-03 2.195333e-03 2.168453e-03 2.096748e-03 2.335764e-03 2.452615e-03 2.438388e-03 2.708839e-03 3.457726e-03 2.456102e-03 2.171420e-03 2.118002e-03 1.955765e-03 1.958352e-03 1.837388e-03 1.845553e-03 2.163505e-03
11763.9 1.450379e-03 1.405038e-03 1.354469e-03 1.323358e-03 1.597918e-03 1.655700e-03 1.565507e-03 1.972378e-03 2.524300e-03 1.563610e-03 1.242349e-03 1.189310e-03 1.083071e-03 1.066206e-03 9.760023e-04 9.638337e-04 1.176652e-03
11783.9 1.111539e-03 1.075823e-03 1.053522e-03 1.003140e-03 1.212196e-03 1.336451e-03 1.254500e-03 1.766248e-03 2.132937e-03 1.236051e-03 8.930748e-04 8.234213e-04 7.489590e-04 7.026566e-04 6.337153e-04 6.309862e-04 9.484032e-04
11804.1 8.261104e-04 8.759080e-04 8.851977e-04 7.698560e-04 9.690831e-04 1.099938e-03 1.093904e-03 1.652612e-03 1.874065e-03 1.014833e-03 6.311676e-04 5.602505e-04 5.411671e-04 5.393739e-04 4.787535e-04 3.687523e-04 8.340702e-04
11824.0 6.137848e-04 5.894512e-04 6.754713e-04 5.394219e-04 7.519817e-04 8.630068e-04 9.648278e-04 1.438963e-03 1.677969e-03 7.875434e-04 4.413292e-04 3.770210e-04 2.774732e-04 3.146403e-04 2.219222e-04 9.446453e-05 6.807009e-04
11844.1 9.304176e-04 7.234434e-04 7.946230e-04 7.692311e-04 1.019200e-03 1.185548e-03 1.251832e-03 1.594899e-03 1.696932e-03 9.846935e-04 7.303102e-04 6.654025e-04 4.529607e-04 4.188754e-04 3.944649e-04 2.264606e-04 9.121168e-04
11864.0 1.812278e-03 1.486672e-03 1.519618e-03 1.541190e-03 1.894245e-03 2.064145e-03 2.136622e-03 2.401447e-03 2.227011e-03 1.732962e-03 1.598446e-03 1.506242e-03 1.312330e-03 1.135687e-03 1.163003e-03 1.045536e-03 1.780068e-03
11884.0 1.853187e-03 1.550732e-03 1.556340e-03 1.634766e-03 2.000310e-03 2.093819e-03 2.232643e-03 2.475844e-03 2.133363e-03 1.759800e-03 1.668701e-03 1.534853e-03 1.437130e-03 1.229896e-03 1.320716e-03 1.137702e-03 1.895285e-03
11904.0 1.543502e-03 1.283774e-03 1.349802e-03 1.428002e-03 1.695157e-03 1.802722e-03 1.907176e-03 2.177154e-03 1.768537e-03 1.455597e-03 1.345606e-03 1.199437e-03 1.128706e-03 8.840796e-04 1.028646e-03 8.547242e-04 1.619492e-03
11924.0 9.146980e-04 6.455303e-04 7.888802e-04 8.722930e-04 1.025862e-03 1.227782e-03 1.213594e-03 1.623868e-03 1.156651e-03 7.549103e-04 6.811532e-04 5.698354e-04 4.546088e-04 2.357721e-04 3.925322e-04 1.733509e-04 8.400472e-04
11944.0 4.421667e-04 1.985741e-04 3.818757e-04 4.672881e-04 6.126856e-04 7.138825e-04 7.283481e-04 1.371950e-03 7.435677e-04 2.367075e-04 2.355594e-04 1.086662e-04 0.000000e+00 0.000000e+00 0.000000e+00 0.000000e+00 2.414954e-04
11963.9 0.000000e+00 0.000000e+00 0.000000e+00 0.000000e+00 0.000000e+00 1.797325e-05 3.264968e-05 8.034274e-04 2.086647e-05 0.000000e+00 0.000000e+00 0.000000e+00 0.000000e+00 0.000000e+00 0.000000e+00 0.000000e+00 0.000000e+00
11984.0 0.000000e+00 0.000000e+00 0.000000e+00 0.000000e+00 8.142406e-06 3.994928e-05 9.283845e-05 8.724128e-04 0.000000e+00 0.000000e+00 0.000000e+00 0.000000e+00 0.000000e+00 0.000000e+00 0.000000e+00 0.000000e+00 0.000000e+00
12004.1 0.000000e+00 0.000000e+00 9.954503e-05 1.387523e-04 2.698198e-04 3.193247e-04 4.257108e-04 1.070247e-03 2.884888e-04 0.000000e+00 0.000000e+00 0.000000e+00 0.000000e+00 0.000000e+00 0.000000e+00 0.000000e+00 0.000000e+00
12024.1 7.317815e-04 6.232754e-04 8.427280e-04 8.415264e-04 1.046035e-03 1.037506e-03 1.181246e-03 1.734008e-03 1.018416e-03 4.810608e-04 6.079014e-04 4.088649e-04 3.728146e-04 2.165224e-04 2.709118e-04 4.325847e-04 5.843276e-04
12043.9 8.805858e-04 8.539157e-04 1.017505e-03 1.035752e-03 1.285984e-03 1.279203e-03 1.394527e-03 1.837557e-03 1.177673e-03 7.458239e-04 7.778077e-04 6.587117e-04 5.561945e-04 4.985843e-04 4.811561e-04 7.761497e-04 7.349969e-04
12064.1 2.189524e-03 2.135548e-03 2.288426e-03 2.371869e-03 2.579962e-03 2.493921e-03 2.745560e-03 3.163625e-03 2.465777e-03 2.143230e-03 2.040874e-03 2.010995e-03 1.868124e-03 1.864325e-03 1.804960e-03 2.267488e-03 2.037647e-03
12084.0 2.595944e-03 2.586833e-03 2.690649e-03 2.832014e-03 2.950945e-03 2.860795e-03 3.212986e-03 3.564107e-03 2.855316e-03 2.520921e-03 2.335284e-03 2.326489e-03 2.255522e-03 2.236455e-03 2.142892e-03 2.719468e-03 2.377939e-03
12103.9 1.952503e-03 2.043211e-03 2.100159e-03 2.242121e-03 2.309665e-03 2.204367e-03 2.592228e-03 2.942413e-03 2.149961e-03 1.831765e-03 1.637072e-03 1.694781e-03 1.578151e-03 1.608588e-03 1.417061e-03 2.097874e-03 1.618027e-03
12124.0 3.323097e-04 4.634943e-04 5.069368e-04 7.269032e-04 7.789720e-04 7.486430e-04 1.043816e-03 1.299651e-03 5.030754e-04 2.600608e-04 1.675069e-04 2.261347e-04 0.000000e+00 4.103929e-05 0.000000e+00 4.728395e-04 0.000000e+00
12144.1 4.519153e-04 4.255410e-04 5.156033e-04 7.950222e-04 8.515810e-04 9.269551e-04 1.135209e-03 1.165994e-03 5.190386e-04 3.240974e-04 3.013889e-04 2.736148e-04 6.877661e-05 5.551474e-05 0.000000e+00 4.608172e-04 0.000000e+00
12164.1 8.574526e-04 7.525172e-04 8.261062e-04 1.113575e-03 1.163824e-03 1.306022e-03 1.436770e-03 1.229038e-03 7.739991e-04 6.725318e-04 6.241269e-04 5.325905e-04 3.687858e-04 3.715460e-04 2.846462e-04 7.514097e-04 1.857058e-04
12184.1 1.218592e-03 1.177156e-03 1.280464e-03 1.523003e-03 1.561196e-03 1.613904e-03 1.836193e-03 1.512736e-03 1.112543e-03 1.084458e-03 9.998351e-04 9.450436e-04 7.592994e-04 7.919040e-04 7.116214e-04 1.212618e-03 5.700928e-04
12204.0 2.904786e-04 3.189539e-04 4.737375e-04 7.418062e-04 7.651201e-04 7.493303e-04 1.024407e-03 7.403413e-04 2.417014e-04 2.594172e-04 1.506520e-04 1.882740e-04 0.000000e+00 0.000000e+00 0.000000e+00 2.517443e-04 0.000000e+00
12223.9 2.488320e-04 2.607362e-04 3.914292e-04 5.938934e-04 6.740678e-04 7.007608e-04 1.019424e-03 7.044604e-04 1.160231e-04 1.578622e-04 1.389799e-05 1.067941e-04 0.000000e+00 0.000000e+00 0.000000e+00 7.726848e-05 0.000000e+00
12244.0 1.484849e-03 1.466120e-03 1.506466e-03 1.632930e-03 1.769497e-03 1.875405e-03 2.272201e-03 1.849897e-03 1.246206e-03 1.317873e-03 1.186810e-03 1.274732e-03 1.005346e-03 1.031209e-03 9.628488e-04 1.333260e-03 9.857950e-04
12264.1 2.117489e-03 2.107183e-03 2.114678e-03 2.171992e-03 2.310498e-03 2.425699e-03 2.936571e-03 2.369998e-03 1.875724e-03 1.889919e-03 1.791690e-03 1.822026e-03 1.638017e-03 1.609494e-03 1.672477e-03 1.999359e-03 1.635262e-03
12284.1 1.775046e-03 1.779148e-03 1.803158e-03 1.813637e-03 1.895923e-03 1.966091e-03 2.581171e-03 1.880217e-03 1.578345e-03 1.472652e-03 1.407645e-03 1.339392e-03 1.293511e-03 1.155190e-03 1.366710e-03 1.613745e-03 1.202665e-03
