# from M Ashby, priv. comm.
# Jun 10, 2026

# In-flight, corrected for curve traces and effects of PNe.
# No units given, assumed to be detector signal/photon

# wave ch01 ch02 ch03 ch04 ch05 ch06 ch07 ch08 ch09 ch10 ch11 ch12 ch13 ch14 ch15 ch16 ch17
42724.2 0.000000e+00 0.000000e+00 0.000000e+00 0.000000e+00 0.000000e+00 0.000000e+00 0.000000e+00 0.000000e+00 0.000000e+00 0.000000e+00 0.000000e+00 0.000000e+00 0.000000e+00 0.000000e+00 0.000000e+00 0.000000e+00 0.000000e+00
42764.2 0.000000e+00 0.000000e+00 0.000000e+00 0.000000e+00 0.000000e+00 0.000000e+00 0.000000e+00 0.000000e+00 0.000000e+00 4.102818e-05 0.000000e+00 0.000000e+00 0.000000e+00 2.946351e-04 0.000000e+00 0.000000e+00 0.000000e+00
42804.2 0.000000e+00 0.000000e+00 0.000000e+00 0.000000e+00 9.123895e-05 0.000000e+00 0.000000e+00 1.272961e-04 0.000000e+00 0.000000e+00 0.000000e+00 0.000000e+00 0.000000e+00 2.544748e-04 0.000000e+00 0.000000e+00 0.000000e+00
42844.2 3.206641e-04 2.329633e-04 6.161596e-04 0.000000e+00 3.891323e-04 0.000000e+00 0.000000e+00 3.577924e-06 5.118512e-04 0.000000e+00 1.057296e-04 1.939830e-05 0.000000e+00 4.087354e-04 0.000000e+00 9.722807e-05 0.000000e+00
42884.3 0.000000e+00 0.000000e+00 0.000000e+00 0.000000e+00 0.000000e+00 0.000000e+00 0.000000e+00 0.000000e+00 0.000000e+00 0.000000e+00 0.000000e+00 0.000000e+00 0.000000e+00 0.000000e+00 0.000000e+00 0.000000e+00 0.000000e+00
42924.3 0.000000e+00 0.000000e+00 0.000000e+00 8.867944e-05 0.000000e+00 0.000000e+00 0.000000e+00 2.536930e-04 0.000000e+00 1.061351e-04 1.414118e-04 0.000000e+00 0.000000e+00 0.000000e+00 0.000000e+00 0.000000e+00 1.134429e-04
42964.2 3.998204e-04 0.000000e+00 2.159490e-04 0.000000e+00 0.000000e+00 0.000000e+00 0.000000e+00 0.000000e+00 1.151183e-04 2.510097e-04 0.000000e+00 1.626757e-04 7.592182e-05 4.041750e-04 0.000000e+00 0.000000e+00 6.148249e-05
43004.2 0.000000e+00 0.000000e+00 0.000000e+00 0.000000e+00 0.000000e+00 0.000000e+00 0.000000e+00 0.000000e+00 0.000000e+00 0.000000e+00 0.000000e+00 0.000000e+00 0.000000e+00 0.000000e+00 0.000000e+00 0.000000e+00 0.000000e+00
43044.3 1.101484e-04 0.000000e+00 0.000000e+00 0.000000e+00 0.000000e+00 0.000000e+00 2.464320e-04 0.000000e+00 0.000000e+00 0.000000e+00 0.000000e+00 0.000000e+00 0.000000e+00 1.107896e-04 0.000000e+00 0.000000e+00 0.000000e+00
43084.2 9.543599e-05 0.000000e+00 0.000000e+00 0.000000e+00 0.000000e+00 0.000000e+00 5.205306e-05 1.895615e-05 0.000000e+00 0.000000e+00 6.832020e-05 0.000000e+00 0.000000e+00 6.962049e-04 0.000000e+00 3.830450e-04 0.000000e+00
43124.2 1.255121e-03 3.202870e-04 1.151826e-03 9.113083e-04 9.748458e-04 8.530823e-04 1.317613e-03 4.251871e-04 4.652760e-04 7.474407e-04 8.426246e-04 1.059484e-03 3.309970e-04 5.095520e-04 9.943703e-04 4.241031e-04 6.264245e-04
43164.2 0.000000e+00 0.000000e+00 0.000000e+00 0.000000e+00 0.000000e+00 0.000000e+00 0.000000e+00 0.000000e+00 0.000000e+00 0.000000e+00 0.000000e+00 0.000000e+00 0.000000e+00 0.000000e+00 0.000000e+00 0.000000e+00 0.000000e+00
43204.2 2.706685e-04 5.258797e-04 8.487490e-04 2.088555e-04 6.315761e-04 3.601038e-04 3.017948e-04 1.024019e-04 2.720224e-04 4.205884e-04 6.274209e-04 3.088739e-04 2.084372e-04 4.187411e-04 6.156094e-04 3.570367e-04 6.246953e-04
43244.2 0.000000e+00 0.000000e+00 0.000000e+00 0.000000e+00 0.000000e+00 0.000000e+00 0.000000e+00 0.000000e+00 0.000000e+00 0.000000e+00 0.000000e+00 0.000000e+00 0.000000e+00 0.000000e+00 0.000000e+00 0.000000e+00 3.932310e-05
43284.1 0.000000e+00 0.000000e+00 0.000000e+00 0.000000e+00 0.000000e+00 0.000000e+00 0.000000e+00 0.000000e+00 0.000000e+00 0.000000e+00 0.000000e+00 0.000000e+00 0.000000e+00 0.000000e+00 0.000000e+00 0.000000e+00 0.000000e+00
43324.0 1.359122e-03 1.211860e-03 1.686688e-03 1.033187e-03 3.258634e-04 8.719585e-04 1.174290e-03 6.175802e-04 7.051469e-04 1.146245e-03 4.337837e-04 7.636769e-04 7.311593e-04 6.500597e-04 1.150640e-03 7.430231e-04 1.104433e-03
43364.0 0.000000e+00 1.981965e-04 1.963076e-04 9.369023e-05 0.000000e+00 0.000000e+00 2.729741e-04 1.859829e-04 3.076111e-04 1.953468e-04 0.000000e+00 2.766286e-04 3.138131e-04 0.000000e+00 6.542856e-04 2.816399e-04 5.187010e-04
43404.0 0.000000e+00 0.000000e+00 0.000000e+00 0.000000e+00 0.000000e+00 0.000000e+00 0.000000e+00 0.000000e+00 0.000000e+00 2.542807e-04 0.000000e+00 0.000000e+00 0.000000e+00 0.000000e+00 3.694894e-05 0.000000e+00 0.000000e+00
43443.9 0.000000e+00 0.000000e+00 0.000000e+00 0.000000e+00 0.000000e+00 0.000000e+00 0.000000e+00 0.000000e+00 0.000000e+00 0.000000e+00 0.000000e+00 0.000000e+00 0.000000e+00 0.000000e+00 0.000000e+00 0.000000e+00 0.000000e+00
43483.9 7.544423e-04 9.402523e-04 1.329831e-03 9.504511e-04 5.980033e-04 6.363283e-04 6.966464e-04 2.294634e-04 6.885302e-04 5.568967e-04 8.350036e-04 9.619141e-04 7.063492e-04 7.205073e-04 7.631029e-04 1.222268e-03 9.727759e-04
43523.8 3.295229e-03 2.621395e-03 3.022280e-03 2.690519e-03 2.572369e-03 2.649048e-03 2.025323e-03 2.233532e-03 1.657317e-03 1.812100e-03 1.570887e-03 1.872202e-03 1.971290e-03 2.183757e-03 1.474629e-03 1.770175e-03 2.082810e-03
43563.7 1.592453e-03 1.542699e-03 1.922347e-03 1.421302e-03 1.485221e-03 1.152546e-03 1.262032e-03 1.330913e-03 1.396489e-03 1.218622e-03 1.021975e-03 1.382991e-03 1.349699e-03 1.357579e-03 1.018768e-03 1.081989e-03 1.992328e-03
43603.7 1.554948e-03 1.585273e-03 1.496855e-03 1.318176e-03 1.630210e-03 1.157769e-03 8.683993e-04 1.205732e-03 1.248867e-03 1.854808e-04 9.202544e-04 1.062926e-03 1.286203e-03 1.456453e-03 7.384056e-04 8.359316e-04 1.869893e-03
43643.6 1.383288e-03 9.773484e-04 1.677480e-03 1.289815e-03 1.099650e-03 1.229901e-03 5.646040e-04 1.142776e-03 6.203010e-04 8.327693e-04 9.029682e-04 1.514215e-03 1.074542e-03 9.462412e-04 7.380453e-04 9.741646e-04 1.979268e-03
43683.5 2.313670e-03 1.647018e-03 1.967191e-03 2.220880e-03 1.683528e-03 1.665350e-03 1.629102e-03 1.826261e-03 1.045408e-03 8.276687e-04 1.332443e-03 1.751727e-03 1.252357e-03 1.671107e-03 1.388514e-03 1.595907e-03 2.219457e-03
43723.4 7.695041e-04 0.000000e+00 0.000000e+00 0.000000e+00 2.688037e-04 0.000000e+00 0.000000e+00 8.083859e-04 0.000000e+00 0.000000e+00 3.691145e-04 1.899803e-04 0.000000e+00 0.000000e+00 0.000000e+00 2.358058e-04 1.308798e-03
43763.3 0.000000e+00 0.000000e+00 0.000000e+00 0.000000e+00 0.000000e+00 0.000000e+00 0.000000e+00 2.625545e-05 0.000000e+00 0.000000e+00 0.000000e+00 3.121631e-04 0.000000e+00 2.090528e-04 0.000000e+00 0.000000e+00 2.108491e-03
43803.2 0.000000e+00 0.000000e+00 0.000000e+00 0.000000e+00 0.000000e+00 0.000000e+00 0.000000e+00 0.000000e+00 0.000000e+00 0.000000e+00 0.000000e+00 9.763944e-13 0.000000e+00 2.897179e-12 0.000000e+00 7.134136e-08 1.261703e-04
43843.1 2.108676e-11 1.730768e-11 1.480976e-11 1.378376e-11 7.710561e-13 1.815339e-11 2.139651e-11 0.000000e+00 1.222743e-11 5.607966e-12 5.527361e-12 0.000000e+00 6.410699e-12 9.936426e-12 0.000000e+00 5.593720e-07 6.863210e-04
43883.0 0.000000e+00 0.000000e+00 0.000000e+00 0.000000e+00 0.000000e+00 0.000000e+00 0.000000e+00 0.000000e+00 0.000000e+00 0.000000e+00 0.000000e+00 0.000000e+00 0.000000e+00 0.000000e+00 0.000000e+00 0.000000e+00 2.145096e-03
43922.9 5.358203e-34 1.597677e-32 5.439146e-30 2.137186e-28 3.450244e-26 1.878010e-25 0.000000e+00 5.985899e-21 0.000000e+00 9.308824e-18 4.289368e-16 5.024304e-14 1.185181e-12 3.570601e-10 2.013530e-08 5.942252e-07 7.277708e-03
43962.8 5.318632e-34 1.656230e-32 0.000000e+00 8.613935e-29 2.836943e-27 9.643651e-25 7.084335e-23 5.266892e-21 3.086778e-19 4.229947e-18 1.793491e-16 9.712752e-14 2.442424e-12 1.077693e-10 5.323435e-09 2.907341e-06 1.964428e-02
44002.7 8.370520e-34 6.048764e-33 2.174729e-30 3.894779e-28 1.244996e-26 1.518887e-24 5.262952e-23 7.838447e-21 2.348024e-20 5.078896e-18 4.828525e-16 3.716840e-14 5.106191e-12 9.314142e-11 1.876072e-08 5.899169e-06 4.615141e-02
44042.6 1.189618e-33 7.820670e-33 7.019749e-30 9.201594e-29 1.240537e-26 8.324033e-25 6.458327e-23 1.781662e-21 7.038162e-19 7.088480e-18 6.652668e-16 1.908091e-14 5.749832e-12 0.000000e+00 1.387115e-08 2.664487e-05 9.549050e-02
44082.4 0.000000e+00 0.000000e+00 0.000000e+00 0.000000e+00 0.000000e+00 0.000000e+00 0.000000e+00 0.000000e+00 0.000000e+00 0.000000e+00 0.000000e+00 0.000000e+00 0.000000e+00 0.000000e+00 0.000000e+00 1.317873e-04 1.669275e-01
44122.3 0.000000e+00 0.000000e+00 0.000000e+00 0.000000e+00 0.000000e+00 0.000000e+00 0.000000e+00 0.000000e+00 0.000000e+00 0.000000e+00 0.000000e+00 0.000000e+00 0.000000e+00 0.000000e+00 0.000000e+00 5.465115e-04 2.847939e-01
44162.1 0.000000e+00 0.000000e+00 0.000000e+00 0.000000e+00 0.000000e+00 0.000000e+00 0.000000e+00 0.000000e+00 0.000000e+00 0.000000e+00 0.000000e+00 0.000000e+00 0.000000e+00 0.000000e+00 3.481043e-09 1.360059e-03 4.272101e-01
44202.0 0.000000e+00 0.000000e+00 0.000000e+00 0.000000e+00 0.000000e+00 0.000000e+00 0.000000e+00 0.000000e+00 0.000000e+00 0.000000e+00 0.000000e+00 0.000000e+00 0.000000e+00 0.000000e+00 0.000000e+00 3.750452e-03 6.275401e-01
44241.9 0.000000e+00 0.000000e+00 0.000000e+00 0.000000e+00 0.000000e+00 0.000000e+00 0.000000e+00 0.000000e+00 0.000000e+00 0.000000e+00 0.000000e+00 0.000000e+00 0.000000e+00 0.000000e+00 0.000000e+00 9.224845e-03 8.354245e-01
44281.7 0.000000e+00 0.000000e+00 0.000000e+00 0.000000e+00 0.000000e+00 0.000000e+00 0.000000e+00 0.000000e+00 0.000000e+00 0.000000e+00 0.000000e+00 0.000000e+00 0.000000e+00 0.000000e+00 0.000000e+00 2.026309e-02 9.996779e-01
44324.4 0.000000e+00 0.000000e+00 0.000000e+00 0.000000e+00 0.000000e+00 0.000000e+00 0.000000e+00 0.000000e+00 0.000000e+00 0.000000e+00 0.000000e+00 0.000000e+00 0.000000e+00 0.000000e+00 0.000000e+00 4.263799e-02 9.995461e-01
44364.2 2.525908e-32 8.036039e-32 0.000000e+00 0.000000e+00 0.000000e+00 9.204194e-25 1.227258e-21 0.000000e+00 0.000000e+00 2.366071e-15 5.094432e-14 3.171031e-12 2.632039e-10 5.465774e-09 1.638546e-05 9.332285e-02 9.999620e-01
44404.1 3.888778e-12 0.000000e+00 8.630009e-12 1.094442e-11 2.879760e-12 1.026740e-11 3.840726e-11 2.298830e-11 1.037763e-11 0.000000e+00 4.021205e-13 0.000000e+00 0.000000e+00 0.000000e+00 7.356337e-05 1.766385e-01 9.996138e-01
44443.9 9.108522e-11 1.703890e-10 7.134265e-11 2.567003e-11 1.080259e-10 2.830252e-11 0.000000e+00 0.000000e+00 1.562483e-11 6.971162e-11 7.421290e-12 5.563521e-11 5.558633e-11 0.000000e+00 2.661595e-04 2.769250e-01 9.714944e-01
44483.7 0.000000e+00 1.677122e-04 0.000000e+00 0.000000e+00 0.000000e+00 0.000000e+00 0.000000e+00 0.000000e+00 0.000000e+00 1.033736e-04 0.000000e+00 0.000000e+00 3.596057e-05 1.855804e-04 2.526108e-03 4.639507e-01 8.026426e-01
44523.5 0.000000e+00 0.000000e+00 0.000000e+00 0.000000e+00 0.000000e+00 0.000000e+00 0.000000e+00 0.000000e+00 0.000000e+00 0.000000e+00 0.000000e+00 0.000000e+00 0.000000e+00 0.000000e+00 4.242661e-03 6.668061e-01 5.762969e-01
44563.4 6.687405e-04 3.825233e-04 1.028045e-05 1.404646e-04 0.000000e+00 1.179144e-04 5.610723e-06 2.606100e-04 2.117672e-04 1.299371e-04 1.393596e-04 1.630427e-04 0.000000e+00 5.241795e-04 8.537801e-03 8.603898e-01 3.732650e-01
44603.2 0.000000e+00 0.000000e+00 0.000000e+00 0.000000e+00 0.000000e+00 0.000000e+00 0.000000e+00 0.000000e+00 0.000000e+00 0.000000e+00 0.000000e+00 0.000000e+00 0.000000e+00 0.000000e+00 1.469090e-02 9.971955e-01 2.128313e-01
44643.0 0.000000e+00 0.000000e+00 0.000000e+00 0.000000e+00 0.000000e+00 0.000000e+00 0.000000e+00 2.282734e-05 0.000000e+00 1.027010e-04 0.000000e+00 0.000000e+00 0.000000e+00 0.000000e+00 3.116552e-02 9.971717e-01 1.003109e-01
44682.8 0.000000e+00 0.000000e+00 0.000000e+00 0.000000e+00 0.000000e+00 0.000000e+00 0.000000e+00 0.000000e+00 0.000000e+00 0.000000e+00 0.000000e+00 0.000000e+00 0.000000e+00 0.000000e+00 7.212491e-02 9.991881e-01 3.324263e-02
44722.6 0.000000e+00 0.000000e+00 2.465440e-05 2.190503e-04 5.958728e-05 2.541683e-05 1.836652e-05 4.761691e-05 3.793162e-04 3.388446e-05 0.000000e+00 0.000000e+00 0.000000e+00 4.054932e-04 1.501335e-01 1.000000e+00 5.725750e-03
44762.4 0.000000e+00 0.000000e+00 0.000000e+00 0.000000e+00 0.000000e+00 0.000000e+00 0.000000e+00 0.000000e+00 0.000000e+00 0.000000e+00 0.000000e+00 0.000000e+00 0.000000e+00 3.199722e-04 2.464841e-01 9.991272e-01 1.669851e-03
44802.2 0.000000e+00 0.000000e+00 0.000000e+00 0.000000e+00 0.000000e+00 0.000000e+00 0.000000e+00 0.000000e+00 0.000000e+00 0.000000e+00 0.000000e+00 0.000000e+00 0.000000e+00 3.565330e-04 4.033978e-01 8.419109e-01 1.973528e-04
44841.9 1.792646e-05 0.000000e+00 5.227355e-04 4.367500e-05 1.537627e-04 4.864718e-06 1.114450e-04 7.735914e-05 3.939156e-04 5.535796e-05 0.000000e+00 1.104849e-05 5.712235e-06 3.624576e-03 5.895944e-01 6.334187e-01 1.783391e-03
44881.7 0.000000e+00 0.000000e+00 0.000000e+00 0.000000e+00 0.000000e+00 0.000000e+00 0.000000e+00 0.000000e+00 0.000000e+00 0.000000e+00 0.000000e+00 0.000000e+00 0.000000e+00 4.463378e-03 7.953630e-01 4.132810e-01 0.000000e+00
44924.4 0.000000e+00 0.000000e+00 0.000000e+00 3.951603e-06 0.000000e+00 4.861422e-05 6.284888e-05 0.000000e+00 0.000000e+00 4.772802e-06 0.000000e+00 0.000000e+00 7.634234e-05 1.315060e-02 9.794395e-01 2.332182e-01 2.350153e-04
44964.1 0.000000e+00 0.000000e+00 1.358408e-04 0.000000e+00 0.000000e+00 0.000000e+00 0.000000e+00 0.000000e+00 0.000000e+00 0.000000e+00 0.000000e+00 0.000000e+00 7.673653e-05 2.628045e-02 9.999266e-01 1.060412e-01 0.000000e+00
45003.9 0.000000e+00 2.063223e-04 5.259942e-04 6.920579e-04 4.153485e-04 3.768052e-04 3.184500e-04 4.286290e-05 2.560654e-04 5.747909e-04 6.055428e-05 1.351351e-04 6.987785e-04 6.549033e-02 9.982175e-01 3.914151e-02 1.292246e-04
45043.6 0.000000e+00 0.000000e+00 0.000000e+00 0.000000e+00 0.000000e+00 0.000000e+00 0.000000e+00 0.000000e+00 0.000000e+00 0.000000e+00 0.000000e+00 0.000000e+00 8.031323e-05 1.407226e-01 9.972900e-01 8.424063e-03 0.000000e+00
45083.3 0.000000e+00 1.219512e-04 3.912298e-05 1.518521e-05 2.872005e-05 1.783858e-05 5.072514e-06 0.000000e+00 1.629250e-04 8.765196e-05 2.204245e-05 0.000000e+00 1.583048e-03 2.374924e-01 9.988121e-01 2.628093e-03 0.000000e+00
45123.1 1.067505e-05 0.000000e+00 0.000000e+00 0.000000e+00 0.000000e+00 4.871134e-05 0.000000e+00 0.000000e+00 0.000000e+00 0.000000e+00 0.000000e+00 0.000000e+00 1.495316e-03 3.995261e-01 8.544779e-01 1.732500e-03 0.000000e+00
45162.9 1.304738e-03 9.191392e-04 1.951436e-04 6.790180e-04 7.094466e-04 7.704892e-04 2.161557e-04 1.825476e-04 7.912538e-04 3.085330e-04 6.894049e-04 6.197769e-04 4.357752e-03 5.826484e-01 6.571364e-01 2.855514e-03 3.146347e-04
45202.6 1.859777e-03 1.091713e-03 9.216841e-04 7.052553e-04 1.171283e-03 1.001267e-03 5.705628e-04 7.458911e-04 8.109966e-04 1.645240e-04 4.552438e-04 9.975383e-04 7.232471e-03 7.826086e-01 4.456954e-01 2.135753e-03 1.224853e-04
45242.3 0.000000e+00 0.000000e+00 0.000000e+00 0.000000e+00 0.000000e+00 0.000000e+00 0.000000e+00 0.000000e+00 0.000000e+00 0.000000e+00 0.000000e+00 0.000000e+00 1.032296e-02 9.504290e-01 2.636641e-01 0.000000e+00 0.000000e+00
45282.1 8.555459e-05 0.000000e+00 0.000000e+00 0.000000e+00 0.000000e+00 2.646036e-05 6.998491e-05 0.000000e+00 2.219046e-05 0.000000e+00 0.000000e+00 8.676165e-04 2.339711e-02 9.972880e-01 1.358386e-01 0.000000e+00 7.138067e-05
45321.8 0.000000e+00 0.000000e+00 0.000000e+00 0.000000e+00 0.000000e+00 0.000000e+00 0.000000e+00 0.000000e+00 0.000000e+00 0.000000e+00 0.000000e+00 0.000000e+00 4.332790e-02 1.000100e+00 5.308477e-02 0.000000e+00 0.000000e+00
45364.4 0.000000e+00 0.000000e+00 0.000000e+00 0.000000e+00 4.313529e-05 0.000000e+00 0.000000e+00 0.000000e+00 0.000000e+00 0.000000e+00 0.000000e+00 6.379943e-05 1.047307e-01 9.972855e-01 1.210617e-02 0.000000e+00 0.000000e+00
45404.0 0.000000e+00 0.000000e+00 0.000000e+00 0.000000e+00 0.000000e+00 0.000000e+00 0.000000e+00 0.000000e+00 0.000000e+00 0.000000e+00 0.000000e+00 0.000000e+00 1.994454e-01 9.967866e-01 9.932739e-04 0.000000e+00 0.000000e+00
45443.7 0.000000e+00 0.000000e+00 0.000000e+00 0.000000e+00 0.000000e+00 1.672108e-04 0.000000e+00 3.559756e-04 0.000000e+00 0.000000e+00 0.000000e+00 1.312040e-03 3.187551e-01 9.414936e-01 1.949766e-03 0.000000e+00 0.000000e+00
45483.5 0.000000e+00 0.000000e+00 0.000000e+00 0.000000e+00 0.000000e+00 0.000000e+00 0.000000e+00 0.000000e+00 0.000000e+00 0.000000e+00 0.000000e+00 6.190560e-04 4.895867e-01 7.473791e-01 1.457872e-03 0.000000e+00 0.000000e+00
45523.2 1.649448e-03 1.060820e-03 1.326714e-03 6.382361e-04 7.447461e-04 4.826034e-04 1.663179e-04 1.899031e-04 4.375687e-04 8.612883e-04 1.067013e-03 4.871771e-03 6.851927e-01 5.297818e-01 2.096429e-03 2.631245e-04 1.769597e-04
45562.9 2.481718e-03 1.570244e-03 2.377758e-03 1.369465e-03 1.195644e-03 1.511938e-03 1.414560e-03 1.342470e-03 5.809834e-04 5.970160e-04 1.055506e-03 9.734522e-03 8.758395e-01 3.283043e-01 1.540410e-03 9.527572e-04 7.817375e-04
45602.5 1.821071e-03 1.051291e-03 1.756931e-03 1.380481e-03 2.561639e-04 8.431866e-04 5.268419e-04 3.973557e-04 7.619698e-04 1.407700e-03 8.985718e-04 1.579020e-02 9.951231e-01 1.719286e-01 8.457976e-04 2.649538e-04 2.233667e-04
45642.3 2.488652e-05 1.236497e-04 3.090477e-04 0.000000e+00 2.741003e-04 1.191194e-05 0.000000e+00 3.637338e-05 2.844129e-05 1.194090e-04 4.868950e-04 3.536635e-02 1.000000e+00 6.918645e-02 2.955920e-05 4.508846e-05 0.000000e+00
45681.9 1.794970e-03 2.000659e-03 2.061132e-03 1.096534e-03 6.124795e-04 5.641975e-04 1.945575e-04 7.746045e-04 5.763234e-04 1.121291e-03 1.552358e-03 7.988075e-02 9.985013e-01 1.996623e-02 8.602664e-04 3.394104e-04 4.553237e-04
45721.6 1.802206e-05 4.925943e-04 3.320380e-04 4.592305e-04 4.384904e-04 2.228016e-04 2.322973e-04 3.513031e-05 1.887485e-05 0.000000e+00 1.047172e-03 1.435154e-01 9.967723e-01 6.140715e-03 0.000000e+00 3.430279e-05 2.434988e-05
45764.1 0.000000e+00 2.891692e-04 6.376041e-05 0.000000e+00 1.632502e-04 0.000000e+00 7.513122e-05 0.000000e+00 0.000000e+00 0.000000e+00 1.151588e-03 2.971540e-01 9.491642e-01 2.061061e-03 0.000000e+00 5.434618e-05 1.440514e-04
45803.8 0.000000e+00 0.000000e+00 0.000000e+00 0.000000e+00 0.000000e+00 0.000000e+00 0.000000e+00 0.000000e+00 0.000000e+00 0.000000e+00 9.063633e-04 4.350250e-01 7.934604e-01 1.591822e-03 0.000000e+00 0.000000e+00 0.000000e+00
45843.5 1.494931e-04 3.472443e-04 5.380911e-04 7.227990e-05 2.073244e-04 1.384518e-04 1.941302e-04 2.193888e-04 0.000000e+00 2.891600e-04 3.411123e-03 6.193401e-01 5.911810e-01 2.289573e-03 0.000000e+00 2.130563e-04 1.771452e-04
45883.1 0.000000e+00 0.000000e+00 0.000000e+00 0.000000e+00 0.000000e+00 0.000000e+00 0.000000e+00 0.000000e+00 0.000000e+00 0.000000e+00 5.032344e-03 8.106187e-01 3.873533e-01 0.000000e+00 0.000000e+00 0.000000e+00 0.000000e+00
45922.7 8.226464e-04 1.422985e-03 4.462454e-04 9.191562e-04 5.610464e-04 6.165284e-04 3.385690e-04 6.239974e-04 2.281089e-04 2.816031e-04 1.121518e-02 9.751333e-01 2.282491e-01 6.694222e-04 5.953498e-05 5.565764e-04 9.513751e-05
45962.4 3.605754e-05 0.000000e+00 0.000000e+00 0.000000e+00 0.000000e+00 1.335050e-05 0.000000e+00 0.000000e+00 0.000000e+00 0.000000e+00 1.951034e-02 9.973500e-01 1.112687e-01 1.031146e-04 0.000000e+00 0.000000e+00 0.000000e+00
46002.1 0.000000e+00 0.000000e+00 0.000000e+00 0.000000e+00 0.000000e+00 0.000000e+00 0.000000e+00 2.447472e-05 1.936924e-05 1.239380e-04 4.561336e-02 9.952888e-01 4.238874e-02 0.000000e+00 0.000000e+00 0.000000e+00 0.000000e+00
46041.7 0.000000e+00 0.000000e+00 0.000000e+00 0.000000e+00 0.000000e+00 0.000000e+00 0.000000e+00 0.000000e+00 0.000000e+00 0.000000e+00 9.142645e-02 9.992048e-01 1.122997e-02 0.000000e+00 0.000000e+00 0.000000e+00 0.000000e+00
46084.1 0.000000e+00 0.000000e+00 0.000000e+00 0.000000e+00 0.000000e+00 0.000000e+00 0.000000e+00 0.000000e+00 0.000000e+00 8.216410e-06 1.989105e-01 1.000158e+00 2.317105e-03 0.000000e+00 0.000000e+00 0.000000e+00 0.000000e+00
46123.8 0.000000e+00 0.000000e+00 0.000000e+00 0.000000e+00 0.000000e+00 0.000000e+00 0.000000e+00 0.000000e+00 0.000000e+00 7.771949e-05 3.133700e-01 9.290833e-01 1.137220e-03 0.000000e+00 0.000000e+00 0.000000e+00 0.000000e+00
46163.4 2.672437e-04 9.092876e-06 6.930223e-05 1.641659e-04 1.780246e-04 1.351853e-04 2.813788e-04 0.000000e+00 0.000000e+00 2.281689e-03 4.826054e-01 7.352442e-01 2.315270e-03 0.000000e+00 5.592175e-05 0.000000e+00 3.882946e-05
46203.0 0.000000e+00 0.000000e+00 0.000000e+00 0.000000e+00 0.000000e+00 0.000000e+00 0.000000e+00 0.000000e+00 0.000000e+00 7.323882e-04 6.767745e-01 5.189538e-01 0.000000e+00 0.000000e+00 0.000000e+00 0.000000e+00 0.000000e+00
46242.6 3.468554e-04 1.655655e-04 8.157775e-05 5.434733e-04 1.049902e-03 1.296520e-03 4.610909e-04 1.079769e-04 4.389470e-04 7.954247e-03 8.685335e-01 3.209155e-01 1.517550e-03 3.289039e-05 5.730960e-06 5.260675e-05 3.069926e-04
46282.2 1.443390e-05 0.000000e+00 0.000000e+00 0.000000e+00 0.000000e+00 2.360801e-04 0.000000e+00 0.000000e+00 2.022435e-04 1.465011e-02 9.968054e-01 1.705423e-01 3.889968e-05 0.000000e+00 0.000000e+00 0.000000e+00 0.000000e+00
46321.8 2.019633e-03 3.446004e-03 3.046460e-03 2.638556e-03 1.942744e-03 1.223974e-03 1.975205e-03 1.183375e-03 2.781884e-03 3.256993e-02 9.986489e-01 7.279762e-02 1.616795e-03 7.596149e-04 7.040951e-04 4.738447e-04 1.163686e-03
46364.2 4.355452e-03 3.857812e-03 3.097190e-03 3.330809e-03 3.065392e-03 2.798718e-03 2.045305e-03 1.496099e-03 2.176579e-03 7.221743e-02 9.970650e-01 2.456406e-02 1.725169e-03 1.337364e-03 1.889282e-03 1.794199e-03 1.895879e-03
46403.9 2.235061e-04 3.009474e-04 1.627724e-04 5.060829e-04 1.188387e-04 1.734315e-04 0.000000e+00 3.453068e-05 3.958965e-04 1.461601e-01 9.981139e-01 4.606774e-03 9.807829e-05 5.596067e-05 3.485086e-04 1.220157e-04 2.380045e-04
46443.4 2.426173e-03 2.709549e-03 1.781593e-03 1.929085e-03 2.557863e-03 1.558730e-03 1.136665e-03 7.582269e-04 2.566986e-03 2.402508e-01 1.000000e+00 4.032525e-03 4.168085e-04 1.146305e-03 1.351978e-03 1.185922e-03 1.391666e-03
46483.0 2.084874e-03 2.561256e-03 2.783597e-03 1.790219e-03 1.755233e-03 1.391142e-03 1.561005e-03 1.878856e-04 2.626648e-03 3.951459e-01 8.389994e-01 3.763678e-03 5.774893e-04 6.872768e-04 1.043225e-03 8.569837e-04 1.237374e-03
46522.6 4.824666e-04 8.580486e-05 2.989420e-05 1.566592e-04 1.638024e-04 2.336110e-05 0.000000e+00 0.000000e+00 3.548740e-03 5.766925e-01 6.339307e-01 2.117721e-03 1.230857e-04 2.340739e-04 5.186449e-05 1.758692e-04 2.665505e-04
46562.2 3.270983e-03 3.422951e-03 2.886801e-03 2.956192e-03 2.433513e-03 1.961513e-03 1.046803e-03 1.026920e-03 8.699342e-03 7.687200e-01 4.333222e-01 4.073001e-03 1.293634e-03 1.229347e-03 1.626697e-03 2.156504e-03 1.860112e-03
46601.7 1.096545e-03 1.799229e-03 1.061185e-03 8.476971e-04 4.323607e-04 1.048860e-03 4.597303e-04 1.361019e-04 9.518747e-03 9.332580e-01 2.626900e-01 5.960390e-04 5.763330e-04 2.282562e-04 8.600930e-04 5.632290e-04 7.701354e-04
46644.1 3.895591e-04 4.436167e-04 7.918840e-04 6.482431e-04 1.047283e-04 2.748887e-04 1.112036e-04 0.000000e+00 2.055391e-02 9.975493e-01 1.279929e-01 2.729911e-04 0.000000e+00 0.000000e+00 6.052508e-05 5.145242e-04 3.030692e-04
46683.7 3.340996e-03 2.534012e-03 1.692791e-03 3.609996e-03 2.726007e-03 1.919645e-03 2.141630e-03 1.374312e-03 3.759883e-02 9.934096e-01 5.314884e-02 8.046325e-04 1.257494e-03 1.885397e-03 1.084554e-03 1.091569e-03 1.145089e-03
46723.2 3.302976e-03 3.630713e-03 3.363405e-03 3.018162e-03 1.810984e-03 1.859534e-03 1.377595e-03 1.271131e-03 8.660244e-02 1.000000e+00 1.505045e-02 1.749236e-03 9.919244e-04 1.117088e-03 1.462570e-03 1.974237e-03 1.826563e-03
46762.8 2.817377e-05 2.661772e-05 0.000000e+00 0.000000e+00 0.000000e+00 3.598795e-06 0.000000e+00 2.468365e-04 1.665063e-01 9.990489e-01 3.738659e-03 0.000000e+00 0.000000e+00 2.086386e-05 8.025588e-05 4.930814e-05 0.000000e+00
46802.3 3.053562e-03 3.218681e-03 2.809718e-03 2.476525e-03 1.935314e-03 1.429787e-03 1.494194e-03 3.127853e-03 2.684432e-01 9.873848e-01 4.858973e-03 6.338786e-04 1.601758e-03 6.754167e-04 1.373952e-03 1.878417e-03 4.915526e-04
46841.9 1.571233e-04 1.650748e-04 1.840323e-04 3.239536e-04 1.502089e-04 9.459615e-06 0.000000e+00 1.009595e-03 4.239839e-01 8.102326e-01 2.853695e-03 4.795551e-06 0.000000e+00 4.507816e-05 2.012674e-04 6.492806e-05 5.924425e-05
46884.2 2.571488e-03 2.565655e-03 2.293816e-03 2.051779e-03 1.516284e-03 1.983391e-03 1.032685e-03 4.414853e-03 6.177788e-01 5.931743e-01 3.192280e-03 7.707689e-04 4.661783e-04 9.596899e-04 1.374919e-03 9.530000e-04 1.214105e-03
46923.7 0.000000e+00 0.000000e+00 0.000000e+00 0.000000e+00 0.000000e+00 0.000000e+00 0.000000e+00 6.207074e-03 8.087092e-01 3.816952e-01 8.879378e-05 0.000000e+00 0.000000e+00 0.000000e+00 0.000000e+00 0.000000e+00 0.000000e+00
46963.3 9.653867e-05 8.092098e-04 0.000000e+00 8.543501e-04 1.309976e-04 3.146886e-05 1.551022e-04 1.002489e-02 9.740249e-01 2.184512e-01 2.705846e-04 0.000000e+00 0.000000e+00 2.814414e-04 3.175579e-05 3.528414e-04 1.114933e-04
47002.8 7.408247e-04 7.518711e-04 3.217151e-04 1.319310e-03 1.021654e-03 5.879146e-05 1.812697e-04 2.276223e-02 9.994662e-01 1.009617e-01 3.824284e-05 5.095405e-04 1.894262e-04 9.140784e-04 5.922567e-04 8.016852e-04 1.586446e-03
47042.3 0.000000e+00 0.000000e+00 0.000000e+00 0.000000e+00 0.000000e+00 0.000000e+00 0.000000e+00 4.505059e-02 9.992251e-01 3.281274e-02 0.000000e+00 0.000000e+00 0.000000e+00 5.882373e-05 0.000000e+00 0.000000e+00 0.000000e+00
47081.8 8.485936e-04 3.583189e-04 9.397101e-04 7.331482e-04 3.156993e-04 1.632251e-05 2.054683e-04 1.095239e-01 9.999921e-01 6.716888e-03 0.000000e+00 0.000000e+00 2.281970e-06 1.511001e-03 4.284632e-04 6.478125e-04 0.000000e+00
47124.1 0.000000e+00 0.000000e+00 0.000000e+00 0.000000e+00 0.000000e+00 0.000000e+00 0.000000e+00 2.040251e-01 9.993376e-01 2.005797e-03 0.000000e+00 0.000000e+00 0.000000e+00 0.000000e+00 0.000000e+00 0.000000e+00 0.000000e+00
47163.6 0.000000e+00 0.000000e+00 0.000000e+00 0.000000e+00 0.000000e+00 0.000000e+00 0.000000e+00 3.202448e-01 9.177490e-01 1.728262e-03 6.110848e-05 0.000000e+00 0.000000e+00 0.000000e+00 0.000000e+00 0.000000e+00 1.998981e-05
47203.1 0.000000e+00 0.000000e+00 0.000000e+00 0.000000e+00 0.000000e+00 0.000000e+00 6.233824e-04 4.904920e-01 7.230788e-01 1.746392e-04 0.000000e+00 0.000000e+00 0.000000e+00 0.000000e+00 0.000000e+00 0.000000e+00 0.000000e+00
47242.6 0.000000e+00 0.000000e+00 0.000000e+00 0.000000e+00 0.000000e+00 0.000000e+00 1.013653e-03 6.788073e-01 5.092969e-01 0.000000e+00 0.000000e+00 0.000000e+00 0.000000e+00 0.000000e+00 0.000000e+00 0.000000e+00 0.000000e+00
47282.1 0.000000e+00 0.000000e+00 0.000000e+00 3.539673e-05 0.000000e+00 0.000000e+00 3.843006e-03 8.566213e-01 3.255487e-01 0.000000e+00 0.000000e+00 0.000000e+00 0.000000e+00 0.000000e+00 0.000000e+00 0.000000e+00 0.000000e+00
47324.3 4.442816e-03 5.064413e-03 4.239584e-03 3.452503e-03 2.065399e-03 1.722876e-03 1.536578e-02 9.932173e-01 1.704395e-01 1.876377e-03 1.187411e-03 7.956046e-04 1.904594e-03 2.545687e-03 2.407591e-03 2.172682e-03 1.642332e-03
47363.9 0.000000e+00 6.018333e-05 0.000000e+00 0.000000e+00 0.000000e+00 0.000000e+00 2.392503e-02 9.999807e-01 7.620011e-02 0.000000e+00 0.000000e+00 0.000000e+00 0.000000e+00 0.000000e+00 0.000000e+00 3.072031e-05 0.000000e+00
47403.3 0.000000e+00 2.261673e-04 0.000000e+00 0.000000e+00 0.000000e+00 0.000000e+00 5.094781e-02 9.978243e-01 2.365685e-02 0.000000e+00 0.000000e+00 0.000000e+00 0.000000e+00 2.295324e-04 3.250933e-06 1.696231e-04 0.000000e+00
47442.8 0.000000e+00 3.235476e-04 0.000000e+00 0.000000e+00 0.000000e+00 3.284732e-05 1.076316e-01 9.930022e-01 3.327024e-03 0.000000e+00 0.000000e+00 0.000000e+00 7.867077e-05 0.000000e+00 0.000000e+00 2.233508e-04 0.000000e+00
47482.2 0.000000e+00 0.000000e+00 0.000000e+00 0.000000e+00 0.000000e+00 0.000000e+00 1.865880e-01 9.910488e-01 4.455236e-04 0.000000e+00 0.000000e+00 0.000000e+00 0.000000e+00 0.000000e+00 0.000000e+00 0.000000e+00 0.000000e+00
47521.7 7.732304e-05 7.920520e-04 5.028316e-04 8.442628e-04 1.685916e-04 5.104935e-04 3.185241e-01 9.150690e-01 1.796524e-03 1.638317e-04 0.000000e+00 3.249203e-04 4.885581e-04 1.353598e-03 3.967330e-04 0.000000e+00 2.251196e-04
47564.0 0.000000e+00 0.000000e+00 0.000000e+00 0.000000e+00 0.000000e+00 0.000000e+00 5.359450e-01 6.665308e-01 1.529590e-05 0.000000e+00 0.000000e+00 0.000000e+00 1.248533e-03 0.000000e+00 0.000000e+00 0.000000e+00 0.000000e+00
47583.7 0.000000e+00 0.000000e+00 0.000000e+00 0.000000e+00 0.000000e+00 7.244900e-05 6.476953e-01 5.430842e-01 0.000000e+00 0.000000e+00 0.000000e+00 0.000000e+00 8.285168e-04 0.000000e+00 0.000000e+00 0.000000e+00 0.000000e+00
47623.1 0.000000e+00 0.000000e+00 0.000000e+00 0.000000e+00 0.000000e+00 2.456310e-03 8.592191e-01 3.199645e-01 0.000000e+00 0.000000e+00 0.000000e+00 0.000000e+00 0.000000e+00 0.000000e+00 0.000000e+00 0.000000e+00 0.000000e+00
47662.6 0.000000e+00 0.000000e+00 0.000000e+00 0.000000e+00 0.000000e+00 8.995686e-03 9.907433e-01 1.825354e-01 0.000000e+00 0.000000e+00 0.000000e+00 0.000000e+00 0.000000e+00 0.000000e+00 0.000000e+00 0.000000e+00 0.000000e+00
47702.0 0.000000e+00 9.823840e-05 0.000000e+00 0.000000e+00 0.000000e+00 2.387205e-02 9.949075e-01 8.160684e-02 0.000000e+00 0.000000e+00 0.000000e+00 0.000000e+00 0.000000e+00 0.000000e+00 3.734990e-05 1.369494e-04 1.302388e-04
47744.2 0.000000e+00 0.000000e+00 0.000000e+00 0.000000e+00 0.000000e+00 5.328149e-02 9.982232e-01 2.722810e-02 0.000000e+00 0.000000e+00 0.000000e+00 0.000000e+00 0.000000e+00 0.000000e+00 0.000000e+00 0.000000e+00 0.000000e+00
47783.6 0.000000e+00 0.000000e+00 0.000000e+00 0.000000e+00 0.000000e+00 1.140343e-01 9.984737e-01 5.413037e-03 0.000000e+00 0.000000e+00 0.000000e+00 0.000000e+00 0.000000e+00 0.000000e+00 0.000000e+00 0.000000e+00 0.000000e+00
47823.1 0.000000e+00 0.000000e+00 0.000000e+00 0.000000e+00 0.000000e+00 2.084079e-01 1.000000e+00 1.366457e-03 0.000000e+00 0.000000e+00 0.000000e+00 0.000000e+00 0.000000e+00 0.000000e+00 0.000000e+00 0.000000e+00 0.000000e+00
47862.5 0.000000e+00 0.000000e+00 0.000000e+00 0.000000e+00 0.000000e+00 3.557813e-01 8.780791e-01 1.789436e-03 0.000000e+00 0.000000e+00 0.000000e+00 0.000000e+00 1.537417e-04 0.000000e+00 0.000000e+00 0.000000e+00 0.000000e+00
47901.8 0.000000e+00 0.000000e+00 0.000000e+00 0.000000e+00 7.701239e-04 4.973865e-01 7.143630e-01 1.578791e-04 0.000000e+00 0.000000e+00 0.000000e+00 0.000000e+00 0.000000e+00 0.000000e+00 0.000000e+00 0.000000e+00 0.000000e+00
47944.1 1.172354e-04 1.625905e-05 0.000000e+00 0.000000e+00 3.263968e-03 7.019374e-01 4.864265e-01 8.358442e-04 0.000000e+00 0.000000e+00 0.000000e+00 0.000000e+00 0.000000e+00 0.000000e+00 0.000000e+00 0.000000e+00 0.000000e+00
47983.4 3.124757e-03 3.514858e-03 1.644974e-03 9.054029e-04 7.999388e-03 8.687670e-01 3.198348e-01 1.435177e-03 9.928396e-04 7.906535e-04 2.056093e-03 1.974627e-03 2.057768e-04 2.173145e-03 1.827743e-03 1.171751e-03 5.206177e-04
48022.9 4.835062e-03 3.299482e-03 1.158602e-03 2.299056e-03 1.247397e-02 9.926452e-01 1.773767e-01 2.573097e-03 1.367099e-04 1.959221e-04 1.721229e-03 4.000278e-04 1.812659e-04 6.557744e-04 1.684164e-03 1.591872e-03 5.368163e-04
48062.2 6.011594e-03 5.674615e-03 4.240755e-03 6.037590e-03 2.961156e-02 9.950816e-01 7.515543e-02 4.708557e-03 4.058909e-03 3.917063e-03 5.130852e-03 4.599435e-03 4.650112e-03 5.105700e-03 5.258276e-03 4.931335e-03 5.176502e-03
48081.9 6.127327e-03 6.070830e-03 5.039347e-03 6.772096e-03 4.818423e-02 9.936510e-01 4.176196e-02 5.228478e-03 5.611687e-03 5.715178e-03 6.692748e-03 6.353587e-03 6.439414e-03 6.917055e-03 6.954957e-03 6.686404e-03 7.153483e-03
48124.1 6.565426e-03 5.808895e-03 5.484042e-03 6.561571e-03 1.104117e-01 9.922364e-01 1.166857e-02 5.180266e-03 6.424418e-03 7.541388e-03 7.754850e-03 7.282014e-03 6.994278e-03 7.710240e-03 7.925971e-03 8.332099e-03 7.897660e-03
48163.5 4.306005e-03 3.754304e-03 3.570059e-03 5.116104e-03 1.949663e-01 1.000008e+00 6.704529e-03 1.966931e-03 3.176984e-03 4.454321e-03 3.960823e-03 4.273095e-03 4.146089e-03 4.903695e-03 3.620349e-03 3.991232e-03 3.697056e-03
48202.8 4.558989e-05 0.000000e+00 1.042316e-04 1.333957e-03 3.209901e-01 9.171799e-01 1.391642e-03 0.000000e+00 1.182782e-04 6.776722e-04 1.818507e-03 1.652090e-03 2.289754e-03 9.409204e-04 1.376523e-03 6.914944e-04 1.787541e-03
48242.2 4.450753e-04 0.000000e+00 0.000000e+00 5.482624e-04 4.724273e-01 7.417642e-01 2.272979e-04 0.000000e+00 0.000000e+00 9.125568e-04 1.138904e-03 1.179987e-03 1.204053e-04 1.047783e-03 1.202705e-03 8.561882e-04 4.793231e-04
48284.3 0.000000e+00 0.000000e+00 0.000000e+00 1.634561e-04 6.957429e-01 4.970584e-01 0.000000e+00 0.000000e+00 0.000000e+00 0.000000e+00 0.000000e+00 0.000000e+00 0.000000e+00 0.000000e+00 0.000000e+00 0.000000e+00 0.000000e+00
48323.7 0.000000e+00 0.000000e+00 0.000000e+00 3.103764e-03 8.492050e-01 3.386401e-01 0.000000e+00 0.000000e+00 0.000000e+00 2.794442e-05 0.000000e+00 0.000000e+00 5.851825e-05 0.000000e+00 0.000000e+00 0.000000e+00 0.000000e+00
48363.1 9.177250e-04 0.000000e+00 7.178303e-04 1.029351e-02 9.898054e-01 1.922664e-01 0.000000e+00 4.422429e-07 1.232502e-03 1.304392e-04 3.514538e-04 1.495382e-03 2.223926e-04 4.998162e-04 8.020603e-05 1.809638e-04 2.737710e-05
48402.4 0.000000e+00 0.000000e+00 0.000000e+00 1.957794e-02 9.992297e-01 8.987144e-02 0.000000e+00 0.000000e+00 0.000000e+00 2.726840e-04 2.301543e-05 2.566118e-04 0.000000e+00 1.591372e-05 3.963549e-06 0.000000e+00 0.000000e+00
48441.7 5.727797e-05 0.000000e+00 5.371570e-05 4.439330e-02 9.962373e-01 2.793034e-02 0.000000e+00 0.000000e+00 0.000000e+00 0.000000e+00 0.000000e+00 0.000000e+00 0.000000e+00 0.000000e+00 0.000000e+00 0.000000e+00 0.000000e+00
48483.8 0.000000e+00 0.000000e+00 0.000000e+00 1.024494e-01 1.000274e+00 4.684978e-03 0.000000e+00 0.000000e+00 1.718881e-05 2.195193e-04 0.000000e+00 0.000000e+00 0.000000e+00 0.000000e+00 0.000000e+00 0.000000e+00 0.000000e+00
48523.2 0.000000e+00 0.000000e+00 0.000000e+00 1.970017e-01 9.995920e-01 2.906597e-03 0.000000e+00 0.000000e+00 2.895920e-04 5.280487e-05 2.557474e-05 7.343122e-05 2.003200e-04 3.128683e-04 0.000000e+00 0.000000e+00 0.000000e+00
48562.5 0.000000e+00 0.000000e+00 0.000000e+00 3.263577e-01 8.966732e-01 3.080239e-04 0.000000e+00 0.000000e+00 1.586480e-04 3.193303e-04 9.333102e-05 0.000000e+00 0.000000e+00 8.862424e-06 0.000000e+00 0.000000e+00 0.000000e+00
48601.8 0.000000e+00 0.000000e+00 4.791821e-05 5.079412e-01 6.911110e-01 2.809245e-04 0.000000e+00 0.000000e+00 1.708359e-04 4.173786e-04 5.923781e-04 2.637820e-04 8.976954e-05 1.200098e-04 0.000000e+00 0.000000e+00 0.000000e+00
48643.9 0.000000e+00 0.000000e+00 0.000000e+00 7.020406e-01 4.751407e-01 0.000000e+00 0.000000e+00 0.000000e+00 0.000000e+00 0.000000e+00 0.000000e+00 0.000000e+00 1.297743e-05 1.971689e-04 0.000000e+00 0.000000e+00 0.000000e+00
48683.2 0.000000e+00 0.000000e+00 5.671704e-03 8.581177e-01 3.147606e-01 0.000000e+00 0.000000e+00 1.911421e-04 1.445731e-04 3.801673e-05 1.124471e-04 4.233805e-04 8.186973e-05 1.509657e-04 1.007739e-04 4.701167e-07 0.000000e+00
48722.5 0.000000e+00 0.000000e+00 1.048738e-02 9.942964e-01 1.752839e-01 0.000000e+00 0.000000e+00 3.671031e-05 2.064378e-04 0.000000e+00 2.152893e-04 2.076279e-04 3.520860e-05 1.301388e-04 1.399499e-04 0.000000e+00 4.652241e-05
48761.8 0.000000e+00 0.000000e+00 2.229029e-02 1.000322e+00 7.432820e-02 0.000000e+00 0.000000e+00 2.798928e-04 3.159779e-04 2.962320e-06 2.023816e-04 1.489378e-04 8.846247e-05 2.617149e-05 0.000000e+00 0.000000e+00 1.580913e-06
48803.9 0.000000e+00 0.000000e+00 5.068739e-02 9.965465e-01 2.364709e-02 0.000000e+00 0.000000e+00 0.000000e+00 0.000000e+00 3.609365e-05 0.000000e+00 0.000000e+00 6.182081e-05 1.252288e-06 0.000000e+00 0.000000e+00 0.000000e+00
48843.2 0.000000e+00 0.000000e+00 1.143073e-01 9.943265e-01 3.636932e-03 0.000000e+00 0.000000e+00 2.573294e-04 2.448378e-04 5.363294e-04 5.925992e-04 1.582531e-04 6.106473e-04 4.553141e-04 1.070339e-05 7.768479e-05 3.170538e-04
48882.4 0.000000e+00 6.125888e-04 2.039481e-01 9.986576e-01 1.817584e-03 0.000000e+00 0.000000e+00 0.000000e+00 2.829510e-04 7.818884e-05 2.080879e-05 0.000000e+00 1.713688e-04 1.932015e-04 2.275048e-04 2.234063e-04 6.866162e-05
48921.7 0.000000e+00 0.000000e+00 3.312902e-01 8.957708e-01 1.613347e-03 0.000000e+00 0.000000e+00 0.000000e+00 6.635682e-04 5.234496e-05 0.000000e+00 1.400884e-05 1.321106e-04 3.759494e-04 1.096794e-04 1.663392e-04 0.000000e+00
48963.8 0.000000e+00 0.000000e+00 5.060525e-01 6.904509e-01 1.342885e-04 0.000000e+00 0.000000e+00 0.000000e+00 8.664210e-06 0.000000e+00 0.000000e+00 0.000000e+00 8.244984e-06 0.000000e+00 0.000000e+00 1.054769e-04 0.000000e+00
49003.1 1.749220e-04 2.838640e-03 6.988621e-01 4.920867e-01 1.109389e-03 1.547785e-04 1.932179e-04 1.528865e-03 1.474239e-03 1.551720e-03 1.189714e-03 9.627095e-04 5.096856e-04 1.007363e-03 2.977479e-04 3.994827e-04 1.070034e-03
49042.3 5.193458e-04 3.308518e-03 8.760365e-01 3.065725e-01 1.286919e-04 0.000000e+00 0.000000e+00 1.214222e-04 1.810347e-04 5.464038e-04 1.322714e-05 8.885856e-04 5.946851e-04 6.152875e-04 7.857023e-04 8.789314e-04 3.508394e-04
49084.3 0.000000e+00 6.870874e-03 9.935828e-01 1.719996e-01 0.000000e+00 0.000000e+00 0.000000e+00 0.000000e+00 0.000000e+00 0.000000e+00 0.000000e+00 0.000000e+00 0.000000e+00 0.000000e+00 0.000000e+00 0.000000e+00 0.000000e+00
49123.6 0.000000e+00 1.660352e-02 9.990680e-01 8.089394e-02 0.000000e+00 0.000000e+00 0.000000e+00 0.000000e+00 0.000000e+00 0.000000e+00 0.000000e+00 0.000000e+00 0.000000e+00 0.000000e+00 0.000000e+00 0.000000e+00 0.000000e+00
49162.9 0.000000e+00 3.062245e-02 1.000001e+00 3.069792e-02 0.000000e+00 0.000000e+00 0.000000e+00 0.000000e+00 0.000000e+00 0.000000e+00 0.000000e+00 0.000000e+00 0.000000e+00 0.000000e+00 0.000000e+00 0.000000e+00 0.000000e+00
49202.1 0.000000e+00 8.932016e-02 9.969192e-01 9.002114e-03 0.000000e+00 0.000000e+00 6.260238e-05 4.356857e-04 1.354939e-03 5.639835e-05 9.579215e-05 0.000000e+00 9.554140e-05 0.000000e+00 0.000000e+00 0.000000e+00 0.000000e+00
49244.1 0.000000e+00 1.705209e-01 9.981755e-01 1.995572e-03 0.000000e+00 0.000000e+00 0.000000e+00 0.000000e+00 2.671870e-04 0.000000e+00 4.485794e-04 6.447049e-06 0.000000e+00 0.000000e+00 0.000000e+00 0.000000e+00 0.000000e+00
49283.3 1.012581e-03 3.041024e-01 8.957453e-01 1.558020e-03 5.314048e-04 7.696297e-04 1.128133e-03 3.727727e-04 1.041566e-03 9.224849e-04 3.587428e-04 2.036767e-03 1.306230e-03 1.316340e-03 3.928851e-04 7.381260e-05 1.824505e-03
49322.5 1.269187e-04 4.684980e-01 7.114239e-01 0.000000e+00 0.000000e+00 0.000000e+00 0.000000e+00 0.000000e+00 0.000000e+00 0.000000e+00 0.000000e+00 6.828987e-04 0.000000e+00 7.914414e-05 0.000000e+00 0.000000e+00 1.338753e-04
49361.8 2.629715e-03 6.584021e-01 5.039579e-01 1.399435e-04 1.014009e-04 0.000000e+00 1.811545e-03 1.558260e-04 1.443795e-03 6.464845e-04 1.390523e-04 1.039337e-03 3.730080e-04 3.303737e-04 1.525016e-04 3.244592e-04 8.736909e-04
49403.8 2.851231e-03 8.464811e-01 3.174833e-01 0.000000e+00 0.000000e+00 1.847414e-05 1.350009e-03 1.235997e-04 1.508586e-04 9.722620e-04 9.331162e-05 2.423789e-04 3.540413e-04 3.122910e-05 1.937938e-04 3.142303e-04 3.750567e-04
49443.0 7.921154e-03 9.838686e-01 1.668843e-01 1.285876e-06 1.476143e-04 1.006131e-04 2.317926e-03 7.233119e-04 2.688924e-04 1.386920e-04 1.044075e-04 1.890564e-03 3.869389e-04 3.512189e-04 1.632921e-04 3.563624e-05 7.532869e-04
49482.1 1.962832e-02 9.975072e-01 8.546982e-02 0.000000e+00 1.818532e-04 4.344187e-04 3.538301e-04 8.151210e-04 5.960991e-04 0.000000e+00 5.370884e-05 2.264189e-04 4.157770e-04 1.778895e-03 6.316050e-04 1.175107e-03 7.440590e-04
49524.1 4.334711e-02 9.999562e-01 2.168802e-02 0.000000e+00 0.000000e+00 0.000000e+00 9.018014e-04 1.157339e-03 7.251902e-04 7.302702e-05 8.821499e-05 2.824413e-04 8.547652e-04 1.115357e-03 1.832921e-04 2.153012e-04 7.804976e-04
49563.3 9.447253e-02 9.943751e-01 4.420975e-03 0.000000e+00 0.000000e+00 0.000000e+00 0.000000e+00 0.000000e+00 5.219522e-04 0.000000e+00 0.000000e+00 0.000000e+00 2.779445e-05 0.000000e+00 0.000000e+00 0.000000e+00 0.000000e+00
49602.5 1.826402e-01 9.953963e-01 6.106854e-04 0.000000e+00 0.000000e+00 0.000000e+00 4.657037e-05 0.000000e+00 1.036586e-04 0.000000e+00 0.000000e+00 0.000000e+00 0.000000e+00 7.229036e-05 0.000000e+00 0.000000e+00 0.000000e+00
49641.7 2.864737e-01 8.874770e-01 0.000000e+00 0.000000e+00 0.000000e+00 8.356443e-07 1.269745e-06 2.797668e-07 0.000000e+00 6.658544e-07 0.000000e+00 0.000000e+00 0.000000e+00 9.369225e-07 2.272651e-06 0.000000e+00 0.000000e+00
49683.6 4.400284e-01 6.834031e-01 0.000000e+00 0.000000e+00 0.000000e+00 0.000000e+00 0.000000e+00 0.000000e+00 0.000000e+00 0.000000e+00 0.000000e+00 0.000000e+00 0.000000e+00 0.000000e+00 0.000000e+00 8.246016e-30 0.000000e+00
49722.8 6.074498e-01 5.074639e-01 0.000000e+00 0.000000e+00 0.000000e+00 1.670259e-12 1.119763e-13 0.000000e+00 1.827398e-19 7.558315e-19 1.130366e-21 0.000000e+00 0.000000e+00 9.698025e-27 0.000000e+00 0.000000e+00 2.484474e-32
49761.9 7.839166e-01 3.592430e-01 4.545452e-05 2.747119e-09 1.724112e-10 5.246319e-12 6.197032e-14 8.484691e-16 2.736352e-17 1.551050e-19 6.490178e-21 2.854971e-23 1.074855e-24 3.389547e-26 7.103015e-29 1.275537e-29 8.551689e-32
49803.9 9.627033e-01 2.250622e-01 2.977800e-06 0.000000e+00 1.692773e-11 1.560523e-13 4.089574e-14 1.076407e-16 1.297722e-17 7.832502e-20 5.967386e-22 1.386552e-23 3.829688e-25 3.826939e-27 2.026595e-28 4.884900e-30 2.394444e-32
49843.1 9.901865e-01 1.300093e-01 0.000000e+00 0.000000e+00 0.000000e+00 7.971038e-14 0.000000e+00 0.000000e+00 0.000000e+00 5.774197e-20 0.000000e+00 0.000000e+00 0.000000e+00 4.419443e-27 0.000000e+00 5.689099e-31 0.000000e+00
49882.2 9.956576e-01 6.424850e-02 0.000000e+00 5.221510e-09 9.428672e-11 2.775863e-13 3.692131e-14 7.759566e-17 3.879727e-18 4.139619e-20 3.886507e-22 2.098984e-23 1.668086e-25 3.239847e-28 4.431078e-29 3.292578e-31 3.563892e-32
49924.1 1.000262e+00 2.887399e-02 0.000000e+00 9.284432e-10 3.575541e-12 3.804661e-13 8.048428e-15 7.135991e-17 2.763440e-18 8.594095e-21 2.248875e-22 5.946159e-24 1.301053e-25 5.059394e-27 5.596112e-29 1.447653e-30 2.884434e-32
49963.2 9.994373e-01 1.731405e-02 1.643999e-08 4.149494e-10 3.894346e-12 4.376621e-14 4.296884e-15 1.196608e-16 9.591005e-19 1.310123e-20 1.655276e-22 4.471358e-24 8.169369e-26 1.779666e-27 1.441287e-29 1.612617e-31 2.166281e-32
50002.4 9.038799e-01 4.423352e-03 0.000000e+00 0.000000e+00 0.000000e+00 0.000000e+00 0.000000e+00 6.215835e-17 2.506801e-19 0.000000e+00 0.000000e+00 0.000000e+00 5.179097e-26 0.000000e+00 0.000000e+00 0.000000e+00 0.000000e+00
50044.3 6.939666e-01 0.000000e+00 0.000000e+00 0.000000e+00 0.000000e+00 0.000000e+00 0.000000e+00 0.000000e+00 0.000000e+00 0.000000e+00 0.000000e+00 0.000000e+00 0.000000e+00 0.000000e+00 0.000000e+00 0.000000e+00 0.000000e+00
50083.4 5.074308e-01 0.000000e+00 0.000000e+00 0.000000e+00 0.000000e+00 0.000000e+00 1.341107e-16 0.000000e+00 3.233266e-22 0.000000e+00 0.000000e+00 0.000000e+00 0.000000e+00 1.475246e-28 0.000000e+00 0.000000e+00 0.000000e+00
50122.5 3.331736e-01 9.954469e-05 7.614240e-09 0.000000e+00 2.146109e-14 5.872177e-14 7.485647e-16 5.285013e-19 1.813114e-19 3.092124e-22 2.675834e-23 6.933080e-25 7.905353e-29 0.000000e+00 0.000000e+00 0.000000e+00 1.772802e-33
50161.6 2.061691e-01 0.000000e+00 0.000000e+00 0.000000e+00 0.000000e+00 4.580797e-15 0.000000e+00 0.000000e+00 0.000000e+00 0.000000e+00 8.239817e-24 1.242015e-25 0.000000e+00 0.000000e+00 0.000000e+00 0.000000e+00 0.000000e+00
50203.5 1.081383e-01 0.000000e+00 0.000000e+00 0.000000e+00 1.116520e-12 0.000000e+00 7.431399e-17 4.587162e-19 0.000000e+00 6.189536e-22 2.235522e-23 0.000000e+00 3.602622e-27 5.487745e-29 2.061478e-30 5.089441e-34 1.103634e-33
50242.6 4.722930e-02 0.000000e+00 0.000000e+00 0.000000e+00 0.000000e+00 1.635666e-14 0.000000e+00 0.000000e+00 0.000000e+00 0.000000e+00 0.000000e+00 0.000000e+00 0.000000e+00 0.000000e+00 0.000000e+00 0.000000e+00 0.000000e+00
50281.7 1.482818e-02 0.000000e+00 0.000000e+00 0.000000e+00 0.000000e+00 0.000000e+00 0.000000e+00 9.387265e-19 0.000000e+00 0.000000e+00 0.000000e+00 0.000000e+00 1.960768e-27 0.000000e+00 0.000000e+00 0.000000e+00 0.000000e+00
50323.6 6.617735e-03 0.000000e+00 0.000000e+00 0.000000e+00 2.457202e-14 0.000000e+00 1.294498e-16 1.856324e-17 0.000000e+00 0.000000e+00 3.114257e-24 0.000000e+00 9.380644e-28 7.742961e-30 1.322836e-30 4.680795e-32 2.190383e-34
50362.7 2.295865e-03 1.076147e-06 1.509804e-08 2.676631e-10 5.632305e-12 9.490676e-13 6.970734e-13 0.000000e+00 0.000000e+00 5.474170e-14 0.000000e+00 0.000000e+00 0.000000e+00 3.209569e-13 0.000000e+00 4.956994e-13 0.000000e+00
50401.7 6.578737e-05 0.000000e+00 0.000000e+00 0.000000e+00 1.801951e-06 0.000000e+00 0.000000e+00 4.035126e-07 1.830504e-06 0.000000e+00 2.193931e-06 3.519322e-06 5.840244e-07 0.000000e+00 1.537741e-06 0.000000e+00 1.133502e-06
50443.6 0.000000e+00 0.000000e+00 0.000000e+00 0.000000e+00 6.779157e-04 0.000000e+00 0.000000e+00 1.457996e-04 6.978730e-04 0.000000e+00 8.402150e-04 1.347603e-03 2.103052e-04 0.000000e+00 5.797239e-04 0.000000e+00 4.291742e-04
50482.7 0.000000e+00 0.000000e+00 0.000000e+00 0.000000e+00 0.000000e+00 0.000000e+00 0.000000e+00 0.000000e+00 0.000000e+00 0.000000e+00 0.000000e+00 0.000000e+00 0.000000e+00 0.000000e+00 0.000000e+00 0.000000e+00 0.000000e+00
50521.7 0.000000e+00 0.000000e+00 0.000000e+00 0.000000e+00 0.000000e+00 0.000000e+00 0.000000e+00 0.000000e+00 0.000000e+00 0.000000e+00 0.000000e+00 0.000000e+00 0.000000e+00 0.000000e+00 0.000000e+00 0.000000e+00 0.000000e+00
50563.5 0.000000e+00 0.000000e+00 0.000000e+00 0.000000e+00 2.194960e-04 0.000000e+00 0.000000e+00 0.000000e+00 0.000000e+00 0.000000e+00 0.000000e+00 0.000000e+00 0.000000e+00 0.000000e+00 0.000000e+00 0.000000e+00 0.000000e+00
50602.6 0.000000e+00 0.000000e+00 5.492025e-04 0.000000e+00 1.388038e-03 2.214511e-03 1.163506e-03 0.000000e+00 1.877675e-03 0.000000e+00 2.731907e-04 4.488322e-04 4.793394e-04 6.568219e-04 0.000000e+00 0.000000e+00 2.151771e-04
50644.4 0.000000e+00 0.000000e+00 1.836560e-03 7.506127e-04 3.596624e-03 0.000000e+00 1.036626e-03 1.043341e-03 7.430726e-04 1.904673e-04 4.379809e-04 0.000000e+00 1.513372e-04 0.000000e+00 0.000000e+00 4.224650e-04 2.494026e-04
50683.4 3.390626e-05 0.000000e+00 0.000000e+00 2.115792e-03 0.000000e+00 1.444038e-03 6.724353e-04 0.000000e+00 8.006419e-04 4.837803e-04 1.410974e-03 0.000000e+00 1.295645e-03 0.000000e+00 8.481852e-04 2.031466e-03 0.000000e+00
50722.5 0.000000e+00 0.000000e+00 1.022805e-03 1.584345e-03 9.973082e-04 1.110338e-03 6.502978e-04 3.697744e-04 1.644870e-03 4.380049e-04 1.946523e-03 5.243929e-04 0.000000e+00 0.000000e+00 0.000000e+00 1.930917e-03 0.000000e+00
50764.3 0.000000e+00 1.872320e-03 3.253231e-03 3.339497e-03 2.777761e-03 4.392420e-03 3.487360e-03 3.151450e-03 3.359528e-03 2.302393e-03 3.077335e-03 1.890613e-03 1.803839e-04 2.469188e-03 2.097069e-03 1.890577e-03 1.215955e-03
50803.3 0.000000e+00 0.000000e+00 7.829163e-04 3.224893e-03 4.731981e-04 6.606878e-04 1.061423e-03 0.000000e+00 2.382051e-04 6.303093e-04 1.864422e-03 0.000000e+00 2.748670e-04 4.719467e-04 6.695037e-04 1.962710e-03 3.685104e-04
50842.3 0.000000e+00 0.000000e+00 0.000000e+00 0.000000e+00 0.000000e+00 1.228817e-03 0.000000e+00 1.529968e-04 6.467634e-04 5.669343e-04 0.000000e+00 0.000000e+00 0.000000e+00 0.000000e+00 0.000000e+00 0.000000e+00 0.000000e+00
50884.1 0.000000e+00 0.000000e+00 1.262806e-03 1.305043e-03 1.073576e-03 5.353613e-04 7.055757e-04 9.640073e-04 3.404284e-04 1.529138e-03 1.189106e-03 0.000000e+00 4.679031e-04 7.344482e-04 2.619427e-04 8.615660e-04 0.000000e+00
50923.0 0.000000e+00 0.000000e+00 2.043629e-03 8.046263e-04 2.403774e-04 1.963881e-03 4.313156e-04 6.350490e-04 0.000000e+00 5.822452e-04 1.481647e-03 0.000000e+00 0.000000e+00 0.000000e+00 0.000000e+00 1.867397e-04 0.000000e+00
50962.1 0.000000e+00 0.000000e+00 0.000000e+00 1.160727e-04 0.000000e+00 0.000000e+00 0.000000e+00 0.000000e+00 0.000000e+00 0.000000e+00 1.421949e-04 0.000000e+00 0.000000e+00 0.000000e+00 0.000000e+00 1.704994e-04 0.000000e+00
51003.9 0.000000e+00 0.000000e+00 0.000000e+00 0.000000e+00 0.000000e+00 0.000000e+00 0.000000e+00 0.000000e+00 0.000000e+00 0.000000e+00 0.000000e+00 0.000000e+00 0.000000e+00 0.000000e+00 0.000000e+00 0.000000e+00 0.000000e+00
51042.8 0.000000e+00 0.000000e+00 0.000000e+00 0.000000e+00 0.000000e+00 0.000000e+00 0.000000e+00 0.000000e+00 0.000000e+00 0.000000e+00 0.000000e+00 0.000000e+00 0.000000e+00 0.000000e+00 0.000000e+00 0.000000e+00 0.000000e+00
