# from M Ashby, priv. comm.
# Jun 10, 2026

# In-flight, corrected for curve traces and effects of PNe.
# No units given, assumed to be detector signal/photon

# wave ch01 ch02 ch03 ch04 ch05 ch06 ch07 ch08 ch09 ch10 ch11 ch12 ch13 ch14 ch15 ch16 ch17
10139.4 6.958742e-04 5.637592e-04 1.075778e-03 7.748764e-04 7.399301e-04 5.916086e-04 1.034646e-03 1.185188e-03 1.031995e-03 8.369799e-04 9.217736e-04 8.839335e-04 9.598039e-04 1.053541e-03 1.023449e-03 9.031481e-04 7.873759e-04
10169.5 1.627253e-04 4.239635e-05 3.976847e-04 2.305006e-04 1.437081e-04 1.192670e-04 4.233414e-04 4.034034e-04 4.875962e-04 2.267853e-04 8.280586e-05 3.318691e-04 1.980850e-04 3.098070e-04 4.961614e-04 3.652303e-04 4.046835e-04
10198.5 0.000000e+00 0.000000e+00 2.198371e-04 9.718862e-05 0.000000e+00 0.000000e+00 1.885150e-04 1.555413e-04 3.287867e-04 0.000000e+00 0.000000e+00 1.055276e-04 0.000000e+00 7.004577e-05 2.765769e-04 1.801157e-04 2.746644e-04
10228.6 0.000000e+00 0.000000e+00 3.248755e-04 1.418996e-04 0.000000e+00 0.000000e+00 1.980203e-04 1.601594e-04 3.811644e-04 0.000000e+00 0.000000e+00 1.138350e-05 0.000000e+00 8.254819e-05 1.381466e-04 1.120834e-04 1.164012e-04
10258.6 1.678984e-04 1.372962e-04 3.378963e-04 2.904208e-04 2.884425e-05 6.558217e-05 6.705964e-04 4.046990e-04 4.758386e-04 4.073096e-06 6.557407e-05 3.248225e-04 2.883296e-04 5.912580e-04 3.182652e-04 2.386869e-04 1.679646e-04
10288.7 7.527496e-04 8.989288e-04 7.718216e-04 7.639464e-04 8.032275e-04 9.563224e-04 1.691522e-03 1.081828e-03 1.047664e-03 8.335782e-04 9.269350e-04 1.181437e-03 1.419361e-03 1.728837e-03 1.287531e-03 9.081178e-04 8.939574e-04
10318.8 6.433518e-04 1.079900e-03 8.344929e-04 9.503093e-04 9.783590e-04 1.387969e-03 2.259382e-03 1.249099e-03 1.070669e-03 1.144378e-03 1.218273e-03 1.495872e-03 2.140668e-03 2.434018e-03 1.677349e-03 1.025578e-03 1.218594e-03
10348.8 6.201821e-05 5.649280e-04 3.879737e-04 5.104544e-04 5.060652e-04 1.151250e-03 2.333411e-03 6.369896e-04 5.781185e-04 7.509728e-04 7.456351e-04 1.231689e-03 2.036845e-03 2.454384e-03 1.222043e-03 5.687293e-04 7.216867e-04
10378.9 0.000000e+00 5.301059e-04 2.154890e-04 3.891406e-04 5.804203e-04 1.178181e-03 2.143420e-03 4.700097e-04 4.343090e-04 6.088390e-04 7.737767e-04 1.418396e-03 2.322437e-03 2.687995e-03 9.750071e-04 5.160663e-04 5.504861e-04
10408.9 0.000000e+00 4.895762e-04 3.684432e-04 5.721443e-04 8.558947e-04 1.638473e-03 1.466947e-03 5.028212e-04 5.747609e-04 6.452721e-04 1.119983e-03 1.765271e-03 2.866084e-03 2.812510e-03 1.077520e-03 7.349433e-04 6.936023e-04
10439.0 2.615598e-04 5.324081e-04 6.076347e-04 8.665118e-04 1.327168e-03 3.003635e-03 1.112029e-03 7.754168e-04 8.891490e-04 1.240958e-03 1.743877e-03 2.255408e-03 3.482894e-03 3.032251e-03 1.299172e-03 9.544572e-04 9.402941e-04
10469.0 4.739548e-04 6.814741e-04 7.201111e-04 1.102156e-03 1.782033e-03 4.499760e-03 1.301604e-03 1.068103e-03 1.113701e-03 1.656505e-03 2.062074e-03 2.651933e-03 3.778793e-03 2.763765e-03 1.354820e-03 1.031223e-03 1.024390e-03
10499.1 3.812661e-04 7.141490e-04 7.142702e-04 1.201566e-03 1.965727e-03 5.103752e-03 1.260392e-03 1.071980e-03 1.046094e-03 1.469689e-03 2.102881e-03 2.792527e-03 3.688209e-03 2.156503e-03 1.084018e-03 8.189955e-04 9.573995e-04
10529.1 5.816801e-04 7.660077e-04 9.001642e-04 1.341285e-03 2.042404e-03 5.516268e-03 1.246476e-03 1.052548e-03 1.196274e-03 1.454124e-03 2.201966e-03 3.032922e-03 3.797833e-03 1.962934e-03 1.227704e-03 9.594324e-04 1.113812e-03
10559.1 1.648933e-03 1.758118e-03 1.946089e-03 2.112237e-03 3.229883e-03 6.749809e-03 2.276549e-03 2.002087e-03 2.321899e-03 2.539813e-03 3.288859e-03 4.221769e-03 4.908335e-03 2.858639e-03 2.362658e-03 1.973943e-03 2.043024e-03
10589.1 1.847200e-03 1.973933e-03 2.062459e-03 2.083025e-03 3.643061e-03 6.250586e-03 2.340360e-03 2.227876e-03 2.390394e-03 2.675614e-03 3.291855e-03 4.489638e-03 5.031215e-03 2.746933e-03 2.430867e-03 2.002512e-03 2.070283e-03
10619.2 1.959737e-03 2.180170e-03 2.272066e-03 2.281887e-03 4.117672e-03 5.028022e-03 2.383083e-03 2.560960e-03 2.403700e-03 2.784795e-03 3.420294e-03 4.798275e-03 5.140537e-03 2.875381e-03 2.451106e-03 2.170161e-03 2.202074e-03
10649.2 1.890058e-03 2.105125e-03 2.285764e-03 2.401870e-03 4.214094e-03 3.877167e-03 2.314693e-03 2.656251e-03 2.512059e-03 2.839720e-03 3.477843e-03 4.947812e-03 5.073229e-03 2.761857e-03 2.309263e-03 2.079579e-03 2.196344e-03
10679.2 1.626213e-03 1.899307e-03 2.200256e-03 2.441149e-03 4.362263e-03 3.125256e-03 2.175238e-03 2.440223e-03 2.543816e-03 2.815100e-03 3.575070e-03 4.932149e-03 4.807553e-03 2.330105e-03 2.032921e-03 1.768471e-03 2.086914e-03
10709.2 1.209063e-03 1.333648e-03 1.780867e-03 2.420595e-03 4.827444e-03 2.377068e-03 1.630346e-03 1.786716e-03 1.896765e-03 2.405053e-03 3.255923e-03 4.536821e-03 4.186318e-03 1.726076e-03 1.577604e-03 1.342200e-03 1.864700e-03
10739.2 1.056647e-03 1.075849e-03 1.618847e-03 2.561763e-03 5.902884e-03 1.914001e-03 1.383590e-03 1.405974e-03 1.388062e-03 2.224300e-03 3.164327e-03 4.405352e-03 3.618446e-03 1.661254e-03 1.485740e-03 1.320762e-03 2.075921e-03
10769.2 1.292499e-03 1.186589e-03 1.640104e-03 2.854115e-03 6.463092e-03 1.794989e-03 1.253962e-03 1.308158e-03 1.420145e-03 2.443924e-03 3.498363e-03 4.578238e-03 3.140562e-03 1.741421e-03 1.447680e-03 1.414413e-03 2.352584e-03
10799.2 1.431246e-03 1.538963e-03 1.936918e-03 3.175003e-03 6.853365e-03 1.903907e-03 1.379173e-03 1.524954e-03 1.822191e-03 2.775817e-03 4.137314e-03 4.884324e-03 2.934716e-03 1.989521e-03 1.613271e-03 1.787049e-03 2.801142e-03
10829.2 2.072433e-03 2.317426e-03 2.682546e-03 4.045493e-03 7.870346e-03 2.567488e-03 2.085115e-03 2.226411e-03 2.521303e-03 3.532389e-03 5.091150e-03 5.604614e-03 3.410866e-03 2.595176e-03 2.379049e-03 2.553243e-03 3.600252e-03
10859.2 1.977423e-03 2.327089e-03 2.692080e-03 4.169885e-03 7.177435e-03 2.279726e-03 2.210264e-03 2.293007e-03 2.698287e-03 3.760643e-03 5.204588e-03 5.634257e-03 3.349051e-03 2.470843e-03 2.418685e-03 2.573900e-03 3.957892e-03
10889.2 1.254615e-03 1.757678e-03 2.180102e-03 3.626563e-03 4.825974e-03 1.577893e-03 1.641486e-03 1.728089e-03 2.417799e-03 3.320089e-03 4.792055e-03 4.955567e-03 2.702239e-03 1.746220e-03 1.674909e-03 2.032698e-03 5.643330e-03
10919.2 9.409076e-04 1.723202e-03 2.216006e-03 3.501560e-03 3.194082e-03 1.495355e-03 1.413949e-03 1.621863e-03 2.375106e-03 3.110885e-03 4.713877e-03 4.595386e-03 2.426794e-03 1.641468e-03 1.424613e-03 1.972223e-03 2.356681e-02
10949.1 1.654337e-03 2.628506e-03 3.106338e-03 5.099294e-03 3.282698e-03 2.217146e-03 1.979680e-03 2.215824e-03 2.968956e-03 3.734510e-03 5.452718e-03 5.214699e-03 2.869418e-03 2.199360e-03 2.142675e-03 2.510717e-03 1.123423e-01
10979.1 1.624140e-03 2.746839e-03 3.382707e-03 6.540644e-03 2.949747e-03 2.082437e-03 2.031244e-03 2.292362e-03 3.173624e-03 3.986652e-03 5.543948e-03 4.808716e-03 2.825267e-03 2.144992e-03 2.226201e-03 2.610386e-03 3.347814e-01
11009.1 1.040720e-03 2.078763e-03 2.967907e-03 6.620485e-03 2.132994e-03 1.464697e-03 1.472268e-03 1.687796e-03 2.736016e-03 3.585762e-03 4.990591e-03 3.601556e-03 2.012647e-03 1.544306e-03 1.577323e-03 2.022752e-03 6.495899e-01
11039.0 1.673143e-03 2.412089e-03 3.658325e-03 7.306075e-03 2.502829e-03 1.988982e-03 2.033956e-03 2.403606e-03 3.406581e-03 4.254789e-03 5.527261e-03 3.602081e-03 2.271504e-03 2.163984e-03 2.138391e-03 2.652147e-03 9.019889e-01
11069.0 1.794942e-03 2.205488e-03 3.765307e-03 7.395453e-03 2.293874e-03 1.989580e-03 1.954158e-03 2.448977e-03 3.418395e-03 4.322350e-03 5.627208e-03 3.165702e-03 2.074200e-03 1.956279e-03 1.958289e-03 2.602511e-03 1.000873e+00
11099.0 1.141935e-03 1.393210e-03 2.962428e-03 6.623796e-03 1.351688e-03 1.189358e-03 1.187829e-03 1.665265e-03 2.646011e-03 3.891505e-03 4.930187e-03 1.993599e-03 1.242849e-03 1.032082e-03 1.143157e-03 1.638859e-03 1.004002e+00
11128.9 6.627690e-04 8.238335e-04 2.356922e-03 5.106798e-03 6.526434e-04 5.716680e-04 5.381342e-04 1.026249e-03 2.066013e-03 3.679005e-03 4.198879e-03 1.402150e-03 5.880215e-04 3.294691e-04 5.769317e-04 2.272077e-03 9.955428e-01
11158.8 2.237862e-03 2.577462e-03 4.240985e-03 5.005351e-03 2.347708e-03 2.120252e-03 2.255212e-03 2.897679e-03 3.805170e-03 5.412837e-03 5.586461e-03 3.075902e-03 2.340926e-03 2.166305e-03 2.313197e-03 7.877548e-03 1.000337e+00
11188.8 3.184415e-03 3.704901e-03 5.375692e-03 4.441709e-03 3.453771e-03 3.132988e-03 3.379145e-03 3.992073e-03 4.785562e-03 6.251331e-03 6.323652e-03 3.881355e-03 3.380018e-03 3.236299e-03 3.177864e-03 3.416939e-02 9.899806e-01
11218.7 3.095558e-03 3.958002e-03 6.068759e-03 3.857616e-03 3.299093e-03 3.023298e-03 3.380156e-03 3.838632e-03 4.647699e-03 6.143130e-03 5.961988e-03 3.552512e-03 3.278362e-03 3.129869e-03 3.092251e-03 1.568074e-01 8.650057e-01
11248.6 2.259852e-03 3.335576e-03 6.408710e-03 2.754282e-03 2.161954e-03 2.102827e-03 2.364371e-03 2.931301e-03 3.831730e-03 5.356386e-03 4.621045e-03 2.443270e-03 2.390492e-03 2.047488e-03 2.286084e-03 4.198475e-01 5.865683e-01
11278.6 2.599898e-03 3.810445e-03 7.663799e-03 2.743631e-03 2.461017e-03 2.366139e-03 2.675116e-03 3.438316e-03 4.267099e-03 5.759409e-03 4.524717e-03 2.779581e-03 2.760315e-03 2.397967e-03 2.706587e-03 7.345341e-01 2.771744e-01
11308.5 2.585957e-03 3.719539e-03 7.474336e-03 2.525349e-03 2.447697e-03 2.396671e-03 2.595531e-03 3.466776e-03 4.278780e-03 5.549930e-03 4.002145e-03 2.689644e-03 2.597896e-03 2.442285e-03 2.688511e-03 9.391686e-01 8.779744e-02
11339.5 1.832607e-03 3.142316e-03 6.537621e-03 1.793168e-03 1.583891e-03 1.781718e-03 1.856850e-03 2.774569e-03 3.790230e-03 4.649490e-03 2.862150e-03 1.778433e-03 1.717053e-03 1.786655e-03 1.998820e-03 1.003548e+00 1.721818e-02
11369.4 7.901079e-04 2.175965e-03 5.360032e-03 6.664500e-04 3.065948e-04 6.946486e-04 7.419107e-04 1.616944e-03 3.055425e-03 3.512593e-03 1.285714e-03 4.752122e-04 4.742357e-04 5.992503e-04 6.566213e-04 1.001229e+00 2.293162e-03
11399.3 7.873653e-04 2.210214e-03 4.408415e-03 4.540891e-04 2.471199e-04 5.416616e-04 7.023848e-04 1.569769e-03 3.258648e-03 3.530858e-03 8.655758e-04 3.802176e-04 3.847658e-04 4.114126e-04 2.377577e-03 9.994694e-01 0.000000e+00
11429.2 1.085622e-03 2.364479e-03 2.860498e-03 5.466319e-04 4.257042e-04 7.412074e-04 9.464086e-04 1.800226e-03 3.380526e-03 3.405437e-03 9.330881e-04 5.882698e-04 5.133440e-04 5.843748e-04 5.908584e-03 1.005206e+00 3.605524e-04
11459.1 2.081048e-03 3.226063e-03 2.529099e-03 1.482808e-03 1.381135e-03 1.676860e-03 2.034251e-03 2.822271e-03 4.213107e-03 4.112751e-03 1.875924e-03 1.463421e-03 1.278738e-03 1.571260e-03 2.818624e-02 9.983941e-01 1.067565e-03
11489.0 2.853192e-03 4.096527e-03 2.760504e-03 1.982279e-03 1.919596e-03 2.182049e-03 2.641298e-03 3.388077e-03 4.819569e-03 4.778166e-03 2.388229e-03 1.902234e-03 1.796670e-03 2.272698e-03 1.491424e-01 8.780592e-01 1.463832e-03
11518.9 3.140159e-03 5.515731e-03 2.592317e-03 2.075537e-03 2.007069e-03 2.196562e-03 2.744747e-03 3.645755e-03 5.042465e-03 4.739075e-03 2.336100e-03 1.994581e-03 1.953538e-03 2.422134e-03 4.123355e-01 6.029982e-01 1.657119e-03
11548.8 2.898521e-03 6.115716e-03 2.075267e-03 1.695134e-03 1.586610e-03 1.741678e-03 2.421726e-03 3.325827e-03 4.634292e-03 3.742339e-03 1.761426e-03 1.628107e-03 1.572595e-03 1.967739e-03 7.252300e-01 2.901808e-01 1.164082e-03
11578.7 3.106835e-03 6.248871e-03 2.063224e-03 1.748077e-03 1.636699e-03 1.890419e-03 2.622641e-03 3.458769e-03 4.668920e-03 3.105179e-03 1.665094e-03 1.595092e-03 1.576608e-03 2.007269e-03 9.326498e-01 9.490941e-02 1.027817e-03
11608.6 2.899433e-03 5.983485e-03 1.713510e-03 1.426123e-03 1.479722e-03 1.751152e-03 2.564032e-03 3.326646e-03 4.580413e-03 2.573233e-03 1.510143e-03 1.319966e-03 1.492868e-03 2.128667e-03 1.001045e+00 2.297803e-02 7.531551e-04
11638.5 2.614063e-03 6.139542e-03 1.529068e-03 1.305893e-03 1.414779e-03 1.659362e-03 2.569313e-03 3.368793e-03 4.520017e-03 2.173804e-03 1.394547e-03 1.249341e-03 1.481074e-03 2.141669e-03 1.002079e+00 7.427958e-03 6.455571e-04
11669.4 2.404233e-03 5.126529e-03 1.328856e-03 1.135269e-03 1.186103e-03 1.480794e-03 2.403628e-03 3.385284e-03 4.210125e-03 1.738849e-03 1.098374e-03 9.827165e-04 1.281048e-03 3.194893e-03 9.989254e-01 2.370105e-03 4.520318e-04
11699.3 2.787620e-03 3.818778e-03 1.370431e-03 1.297220e-03 1.260886e-03 1.601265e-03 2.546725e-03 3.830783e-03 4.213816e-03 1.754752e-03 1.226266e-03 1.146593e-03 1.455184e-03 6.638902e-03 1.002595e+00 1.000650e-03 5.869247e-04
11729.1 2.872481e-03 2.694015e-03 1.362850e-03 1.301549e-03 1.402305e-03 1.735660e-03 2.727337e-03 4.117673e-03 4.292853e-03 1.957408e-03 1.421492e-03 1.311001e-03 1.653334e-03 1.943980e-02 1.005824e+00 1.288789e-03 6.395316e-04
11759.0 2.718778e-03 1.896371e-03 1.132587e-03 1.014831e-03 1.135764e-03 1.663522e-03 2.571632e-03 3.944320e-03 3.973828e-03 1.690391e-03 1.229014e-03 1.129423e-03 1.422583e-03 8.276328e-02 9.474927e-01 9.139678e-04 4.035160e-04
11788.9 3.883818e-03 1.607476e-03 1.183281e-03 1.009492e-03 1.084583e-03 1.723817e-03 2.393931e-03 3.884290e-03 3.638343e-03 1.576079e-03 1.135206e-03 1.086605e-03 1.381046e-03 2.847728e-01 7.294382e-01 7.243333e-04 4.514466e-04
11818.7 5.264824e-03 1.592875e-03 1.206623e-03 1.076364e-03 1.089642e-03 1.784738e-03 2.358253e-03 3.858949e-03 3.062253e-03 1.477418e-03 1.066863e-03 1.240007e-03 1.423844e-03 6.018459e-01 4.038430e-01 6.722139e-04 4.989731e-04
11848.5 5.293985e-03 1.212998e-03 8.449775e-04 8.023934e-04 7.989779e-04 1.624768e-03 2.259804e-03 3.634303e-03 2.133341e-03 1.061864e-03 7.428328e-04 1.056615e-03 1.209349e-03 8.721061e-01 1.463748e-01 3.855246e-04 1.131538e-04
11879.5 4.830206e-03 8.758745e-04 7.251925e-04 7.162446e-04 7.014267e-04 1.553593e-03 2.290457e-03 3.630818e-03 1.710414e-03 8.977399e-04 6.240115e-04 1.019234e-03 1.353938e-03 9.897114e-01 3.580423e-02 2.072806e-04 8.062868e-05
11909.3 4.959884e-03 9.704090e-04 8.016291e-04 8.211325e-04 8.852861e-04 1.715329e-03 2.581704e-03 3.711359e-03 1.689864e-03 1.001593e-03 8.542788e-04 1.072610e-03 1.743655e-03 1.004988e+00 8.846277e-03 1.361403e-04 8.483035e-05
11939.1 4.400099e-03 7.624013e-04 3.825363e-04 5.401947e-04 7.384851e-04 1.535824e-03 2.548308e-03 3.274546e-03 1.227591e-03 6.333349e-04 6.249279e-04 8.448918e-04 1.330529e-03 9.991066e-01 2.746920e-03 0.000000e+00 0.000000e+00
11969.0 3.292272e-03 6.485007e-04 2.595163e-04 4.116156e-04 8.591603e-04 1.555068e-03 2.708286e-03 3.138214e-03 1.065639e-03 5.785170e-04 4.929733e-04 8.916725e-04 3.051309e-03 9.990720e-01 4.897499e-04 0.000000e+00 0.000000e+00
11998.8 1.922526e-03 5.166401e-04 3.413837e-04 4.267737e-04 1.024180e-03 1.589523e-03 2.839085e-03 3.031922e-03 1.134239e-03 6.544341e-04 4.756488e-04 9.746161e-04 7.833934e-03 1.006067e+00 5.143804e-04 0.000000e+00 0.000000e+00
12028.6 1.031852e-03 4.218082e-04 2.736797e-04 3.802605e-04 8.990517e-04 1.440887e-03 2.858514e-03 2.789468e-03 9.567719e-04 4.683225e-04 4.409955e-04 8.130863e-04 3.699760e-02 9.906820e-01 4.451164e-05 0.000000e+00 0.000000e+00
12059.5 1.489307e-03 1.097649e-03 9.635449e-04 1.188749e-03 1.616937e-03 2.172683e-03 3.573725e-03 3.606000e-03 1.517927e-03 1.138429e-03 1.159397e-03 1.529426e-03 1.536810e-01 8.705911e-01 7.022994e-04 1.774251e-04 2.981386e-06
12089.3 1.770953e-03 1.282878e-03 1.243615e-03 1.420314e-03 2.007321e-03 2.617364e-03 3.916693e-03 4.003715e-03 1.736235e-03 1.486531e-03 1.473128e-03 1.860532e-03 3.995478e-01 6.083939e-01 1.092544e-03 5.461261e-04 4.091048e-04
12119.1 1.492551e-03 1.063910e-03 1.121435e-03 1.284222e-03 1.971476e-03 2.727128e-03 3.874560e-03 3.475232e-03 1.713341e-03 1.457410e-03 1.485412e-03 1.874518e-03 7.108295e-01 2.972523e-01 1.057865e-03 5.673551e-04 4.555855e-04
12148.9 9.596959e-04 7.683440e-04 8.865065e-04 1.033227e-03 1.751683e-03 2.569859e-03 3.701077e-03 2.638590e-03 1.437625e-03 1.202237e-03 1.299938e-03 1.886998e-03 9.310946e-01 9.143219e-02 7.187454e-04 3.911471e-04 2.275772e-04
12178.7 7.163512e-04 8.124606e-04 1.008859e-03 1.218369e-03 1.868346e-03 2.649009e-03 3.836351e-03 2.482724e-03 1.421489e-03 1.332217e-03 1.403908e-03 2.217092e-03 1.002080e+00 2.027504e-02 7.922977e-04 4.629261e-04 3.053410e-04
12208.5 4.027427e-04 6.022569e-04 7.580057e-04 1.003242e-03 1.657608e-03 2.406707e-03 3.521946e-03 1.934800e-03 1.094418e-03 1.047584e-03 1.193443e-03 2.002468e-03 1.001524e+00 7.472861e-03 3.756451e-04 1.633597e-04 0.000000e+00
12239.3 5.239408e-04 7.605792e-04 9.667709e-04 1.249188e-03 1.839334e-03 2.805236e-03 3.608638e-03 1.699679e-03 1.242400e-03 1.200365e-03 1.438186e-03 2.681888e-03 9.992675e-01 2.725142e-03 4.838561e-04 2.704098e-04 5.048195e-05
12269.1 4.874476e-04 6.932735e-04 9.102950e-04 1.290699e-03 1.806746e-03 3.065346e-03 3.477299e-03 1.477762e-03 1.124430e-03 1.130164e-03 1.398721e-03 5.153010e-03 9.997649e-01 1.216408e-03 3.600301e-04 1.768838e-04 0.000000e+00
12298.9 4.259618e-04 5.875100e-04 8.093901e-04 1.330309e-03 1.768290e-03 3.160888e-03 3.336623e-03 1.433276e-03 1.087846e-03 1.054080e-03 1.422368e-03 1.124901e-02 1.005877e+00 9.685918e-04 3.280331e-04 6.799567e-05 0.000000e+00
12328.7 2.478530e-04 5.055246e-04 6.489410e-04 1.315974e-03 1.684670e-03 3.039863e-03 3.179825e-03 1.287735e-03 9.907882e-04 9.208170e-04 1.445113e-03 5.631506e-02 9.744541e-01 6.512350e-04 2.289327e-04 0.000000e+00 0.000000e+00
12359.5 5.012438e-04 7.874400e-04 1.024626e-03 1.681058e-03 1.999914e-03 3.314430e-03 3.480490e-03 1.553372e-03 1.282987e-03 1.305312e-03 1.771982e-03 2.103841e-01 8.177741e-01 8.924450e-04 6.099379e-04 3.447268e-04 2.242846e-04
12389.3 5.873304e-04 9.103042e-04 1.215386e-03 1.847905e-03 2.219082e-03 3.479568e-03 3.307295e-03 1.583711e-03 1.420611e-03 1.455529e-03 1.891994e-03 4.788235e-01 5.375488e-01 1.012104e-03 6.892258e-04 5.241397e-04 2.925706e-04
12419.0 2.446002e-04 5.857921e-04 9.402190e-04 1.516544e-03 1.954043e-03 3.201065e-03 2.496857e-03 1.168961e-03 1.120724e-03 1.140928e-03 1.657836e-03 7.701928e-01 2.506524e-01 7.775850e-04 3.512316e-04 1.682764e-04 0.000000e+00
12448.8 0.000000e+00 1.068783e-04 3.355836e-04 9.691788e-04 1.363414e-03 2.682417e-03 1.522433e-03 6.025678e-04 5.186776e-04 5.448833e-04 1.174577e-03 9.524115e-01 7.701317e-02 1.985933e-04 0.000000e+00 0.000000e+00 0.000000e+00
12478.5 2.865957e-04 6.069416e-04 8.372663e-04 1.500964e-03 1.854107e-03 3.194227e-03 1.765206e-03 1.109393e-03 1.012952e-03 1.003269e-03 1.777035e-03 1.004836e+00 1.730526e-02 5.751010e-04 2.118968e-04 0.000000e+00 0.000000e+00
12509.3 8.105821e-04 1.088729e-03 1.375113e-03 2.062904e-03 2.671006e-03 3.661842e-03 1.986682e-03 1.562720e-03 1.502491e-03 1.525248e-03 2.461126e-03 1.000193e+00 6.032077e-03 9.465047e-04 6.394922e-04 4.073705e-04 3.781258e-04
12539.1 8.302775e-04 1.013381e-03 1.291319e-03 1.986935e-03 2.865376e-03 3.508045e-03 1.737711e-03 1.415337e-03 1.386021e-03 1.619444e-03 3.253555e-03 9.981319e-01 2.631247e-03 8.347711e-04 4.905569e-04 3.762230e-04 2.593752e-04
12568.8 5.096898e-04 6.269837e-04 9.017214e-04 1.582099e-03 2.683286e-03 3.079870e-03 1.239892e-03 9.310074e-04 9.823647e-04 1.322295e-03 4.601650e-03 1.000434e+00 1.419510e-03 3.997328e-04 4.742663e-05 0.000000e+00 0.000000e+00
12598.5 4.993969e-04 6.898032e-04 1.131724e-03 1.677867e-03 2.897384e-03 3.078314e-03 1.269521e-03 9.900100e-04 1.143512e-03 1.426341e-03 1.159788e-02 1.005929e+00 1.324934e-03 4.415126e-04 1.382719e-04 9.334618e-05 0.000000e+00
12629.3 4.443009e-04 7.191888e-04 1.189545e-03 1.636836e-03 2.976295e-03 2.825406e-03 1.259556e-03 1.020316e-03 1.206478e-03 1.354699e-03 5.657068e-02 9.695466e-01 1.149477e-03 3.832235e-04 1.378692e-04 7.652011e-05 7.745157e-05
12659.0 3.736907e-04 6.769831e-04 1.158489e-03 1.687413e-03 2.940813e-03 2.720777e-03 1.098716e-03 9.567821e-04 1.146805e-03 1.341921e-03 2.054056e-01 8.066167e-01 9.546487e-04 2.821297e-04 1.060225e-04 8.634569e-05 0.000000e+00
12688.7 2.483220e-04 5.188384e-04 1.034053e-03 1.706822e-03 2.828507e-03 2.475393e-03 7.535506e-04 6.946851e-04 9.823053e-04 1.306649e-03 4.756199e-01 5.177290e-01 7.129730e-04 9.628364e-05 0.000000e+00 0.000000e+00 0.000000e+00
12719.5 1.415631e-04 4.303735e-04 1.025345e-03 1.709958e-03 2.670140e-03 1.995633e-03 5.750183e-04 5.458099e-04 9.191422e-04 1.301724e-03 7.737822e-01 2.286275e-01 5.027322e-04 0.000000e+00 0.000000e+00 0.000000e+00 0.000000e+00
12749.2 3.147402e-04 6.509709e-04 1.246781e-03 1.879340e-03 2.764709e-03 1.632254e-03 7.671044e-04 7.553866e-04 1.127019e-03 1.519803e-03 9.479684e-01 7.187606e-02 4.647293e-04 3.534388e-05 0.000000e+00 0.000000e+00 0.000000e+00
12778.9 7.327749e-04 1.090285e-03 1.740335e-03 2.417622e-03 3.222774e-03 1.764858e-03 1.184585e-03 1.180358e-03 1.517380e-03 2.142041e-03 9.988111e-01 1.962009e-02 8.072529e-04 4.101914e-04 2.957725e-04 3.000987e-04 1.851131e-04
12808.6 7.517726e-04 9.715109e-04 1.733395e-03 2.395147e-03 3.180038e-03 1.457017e-03 1.098385e-03 1.105042e-03 1.409077e-03 2.318157e-03 1.000206e+00 6.039234e-03 7.080765e-04 3.699510e-04 2.286476e-04 2.042237e-04 1.351361e-04
12839.4 3.493322e-04 5.257136e-04 1.327945e-03 1.981317e-03 2.692236e-03 8.527332e-04 5.987491e-04 5.478255e-04 8.419659e-04 2.675671e-03 9.985265e-01 1.708892e-03 8.667305e-05 0.000000e+00 0.000000e+00 0.000000e+00 0.000000e+00
12869.0 0.000000e+00 1.640624e-04 9.296914e-04 1.779225e-03 2.143394e-03 3.655965e-04 1.432077e-04 9.354580e-05 3.741973e-04 4.194937e-03 1.000456e+00 1.366535e-04 0.000000e+00 0.000000e+00 0.000000e+00 0.000000e+00 0.000000e+00
12898.7 0.000000e+00 0.000000e+00 6.513502e-04 1.729754e-03 1.736671e-03 3.713176e-05 0.000000e+00 0.000000e+00 1.977111e-04 7.335460e-03 1.006269e+00 1.165043e-06 0.000000e+00 0.000000e+00 0.000000e+00 0.000000e+00 0.000000e+00
12929.5 0.000000e+00 5.082014e-05 7.197125e-04 1.718407e-03 1.706170e-03 0.000000e+00 0.000000e+00 0.000000e+00 3.054426e-04 4.018352e-02 9.863778e-01 0.000000e+00 0.000000e+00 0.000000e+00 0.000000e+00 0.000000e+00 0.000000e+00
12959.1 0.000000e+00 3.943865e-04 9.672310e-04 1.989659e-03 2.046937e-03 2.469343e-04 5.468930e-05 2.406772e-04 5.390452e-04 1.658452e-01 8.568598e-01 3.530807e-05 0.000000e+00 0.000000e+00 0.000000e+00 0.000000e+00 0.000000e+00
12988.8 0.000000e+00 3.799128e-04 8.366520e-04 1.977269e-03 1.987194e-03 2.134859e-04 4.975646e-05 2.361526e-04 4.458395e-04 4.207472e-01 5.859845e-01 0.000000e+00 0.000000e+00 0.000000e+00 0.000000e+00 0.000000e+00 0.000000e+00
13019.5 0.000000e+00 3.221455e-04 6.911621e-04 1.789449e-03 1.494937e-03 2.898449e-05 0.000000e+00 1.418749e-04 4.492632e-04 7.278072e-01 2.780685e-01 0.000000e+00 0.000000e+00 0.000000e+00 0.000000e+00 0.000000e+00 0.000000e+00
13049.2 0.000000e+00 3.554184e-04 7.667417e-04 1.692051e-03 8.746434e-04 0.000000e+00 0.000000e+00 8.554962e-05 6.010348e-04 9.259846e-01 9.343004e-02 0.000000e+00 0.000000e+00 0.000000e+00 0.000000e+00 0.000000e+00 0.000000e+00
13078.8 0.000000e+00 4.072511e-04 8.784320e-04 1.822848e-03 5.069385e-04 0.000000e+00 0.000000e+00 1.454794e-04 7.896880e-04 9.939429e-01 2.596804e-02 0.000000e+00 0.000000e+00 0.000000e+00 0.000000e+00 0.000000e+00 0.000000e+00
13109.5 3.723295e-05 6.196348e-04 1.205013e-03 2.052939e-03 5.279164e-04 1.413379e-04 2.102292e-04 3.911760e-04 1.119525e-03 1.000513e+00 7.396288e-03 0.000000e+00 0.000000e+00 0.000000e+00 0.000000e+00 0.000000e+00 0.000000e+00
13139.1 7.114841e-04 1.338662e-03 2.048772e-03 2.711093e-03 1.051786e-03 7.944992e-04 9.586806e-04 1.137428e-03 2.413716e-03 9.983213e-01 2.747284e-03 5.064085e-04 2.629463e-04 9.936850e-05 1.565070e-04 6.860519e-05 2.937036e-04
13168.8 9.909634e-04 1.620469e-03 2.445448e-03 2.850215e-03 1.146350e-03 1.018077e-03 1.181946e-03 1.397399e-03 4.674673e-03 9.991177e-01 1.512644e-03 6.936167e-04 5.255134e-04 3.201069e-04 4.115289e-04 3.289207e-04 5.352468e-04
13199.5 9.975929e-04 1.621536e-03 2.599621e-03 2.747705e-03 1.068513e-03 1.007517e-03 1.096682e-03 1.372421e-03 7.858814e-03 1.003095e+00 1.398017e-03 5.978462e-04 4.331043e-04 2.974605e-04 2.886963e-04 2.354182e-04 4.538165e-04
13229.1 9.175086e-04 1.489248e-03 2.570089e-03 2.483342e-03 9.198845e-04 8.570261e-04 9.701492e-04 1.255345e-03 2.119707e-02 1.005418e+00 9.064006e-04 4.220612e-04 2.454467e-04 1.433338e-04 1.388729e-04 1.016260e-04 3.657943e-04
13258.7 9.888761e-04 1.430840e-03 2.478883e-03 2.380045e-03 8.560723e-04 7.824621e-04 9.565377e-04 1.222645e-03 9.736712e-02 9.392180e-01 8.487141e-04 3.460494e-04 2.471604e-04 1.156146e-04 1.664374e-04 1.528053e-04 4.051046e-04
13289.4 1.046187e-03 1.343033e-03 2.337310e-03 2.246833e-03 7.410461e-04 7.467937e-04 9.328174e-04 1.189172e-03 3.052340e-01 7.215366e-01 8.591640e-04 2.621550e-04 2.021808e-04 9.563723e-05 1.422094e-04 1.952393e-04 3.602695e-04
13319.0 1.514882e-03 1.802762e-03 2.752317e-03 2.495746e-03 1.081383e-03 1.157689e-03 1.377815e-03 1.753871e-03 6.044019e-01 4.132846e-01 1.250120e-03 7.573294e-04 6.658687e-04 5.474581e-04 5.453035e-04 7.214374e-04 8.556209e-04
13348.6 1.785887e-03 2.169041e-03 3.057603e-03 2.467278e-03 1.375901e-03 1.399101e-03 1.723699e-03 2.229375e-03 8.606058e-01 1.638517e-01 1.412214e-03 1.093764e-03 9.709171e-04 7.406050e-04 7.941616e-04 1.035850e-03 1.180631e-03
13379.3 1.966865e-03 2.437627e-03 3.275500e-03 2.341222e-03 1.574290e-03 1.547184e-03 1.912132e-03 2.540249e-03 9.836731e-01 4.492226e-02 1.517189e-03 1.202330e-03 1.142331e-03 8.124498e-04 9.257665e-04 1.203423e-03 1.287191e-03
13408.9 1.821734e-03 2.264482e-03 3.057237e-03 1.888350e-03 1.382849e-03 1.390624e-03 1.704125e-03 2.409971e-03 1.002846e+00 1.497206e-02 1.227254e-03 9.058908e-04 8.638358e-04 6.773280e-04 7.959633e-04 9.433104e-04 9.798343e-04
13439.5 1.368964e-03 1.866453e-03 2.568236e-03 1.179972e-03 8.333791e-04 8.667197e-04 1.207460e-03 1.969870e-03 1.000257e+00 5.901144e-03 6.426618e-04 3.679359e-04 2.985649e-04 2.505281e-04 3.329260e-04 4.135930e-04 4.165922e-04
13469.1 8.396835e-04 1.505054e-03 2.080291e-03 4.820140e-04 3.358967e-04 3.512554e-04 7.502774e-04 2.728573e-03 9.989586e-01 2.011385e-03 7.061140e-06 0.000000e+00 0.000000e+00 0.000000e+00 0.000000e+00 0.000000e+00 0.000000e+00
13498.6 8.406177e-04 1.670163e-03 2.028025e-03 4.111924e-04 3.395266e-04 4.066504e-04 7.374082e-04 5.414314e-03 9.999144e-01 7.722261e-04 0.000000e+00 0.000000e+00 0.000000e+00 0.000000e+00 0.000000e+00 0.000000e+00 0.000000e+00
13529.3 1.016120e-03 1.867002e-03 2.020058e-03 4.773243e-04 4.745515e-04 5.852533e-04 8.821482e-04 1.157911e-02 1.004620e+00 9.086987e-04 1.085928e-04 0.000000e+00 0.000000e+00 0.000000e+00 6.690535e-05 9.695727e-05 2.500056e-04
13558.9 8.971070e-04 1.792757e-03 1.765699e-03 3.289733e-04 2.966744e-04 4.243219e-04 7.775577e-04 3.863564e-02 9.923119e-01 7.631515e-04 6.362222e-05 0.000000e+00 0.000000e+00 0.000000e+00 0.000000e+00 0.000000e+00 1.270797e-04
13589.5 7.855829e-04 1.674987e-03 1.628026e-03 2.150225e-04 2.414974e-04 3.293809e-04 7.735187e-04 1.570533e-01 8.747682e-01 4.863159e-04 0.000000e+00 0.000000e+00 0.000000e+00 0.000000e+00 0.000000e+00 0.000000e+00 2.490803e-05
13619.0 7.521483e-04 1.611989e-03 1.550439e-03 1.887233e-04 1.723978e-04 2.662762e-04 7.179970e-04 4.149659e-01 6.037823e-01 2.228030e-04 0.000000e+00 0.000000e+00 0.000000e+00 0.000000e+00 0.000000e+00 0.000000e+00 0.000000e+00
13648.6 3.681758e-04 1.248052e-03 9.771491e-04 0.000000e+00 0.000000e+00 0.000000e+00 2.940775e-04 7.216011e-01 2.937416e-01 0.000000e+00 0.000000e+00 0.000000e+00 0.000000e+00 0.000000e+00 0.000000e+00 0.000000e+00 0.000000e+00
13679.2 1.706551e-04 1.041708e-03 2.372915e-04 0.000000e+00 0.000000e+00 0.000000e+00 1.813794e-04 9.287557e-01 9.396136e-02 0.000000e+00 0.000000e+00 0.000000e+00 0.000000e+00 0.000000e+00 0.000000e+00 0.000000e+00 0.000000e+00
13708.7 7.123254e-04 1.505344e-03 4.177257e-04 1.146075e-04 1.669592e-04 3.266652e-04 9.961549e-04 9.921776e-01 2.808619e-02 5.850686e-05 0.000000e+00 0.000000e+00 0.000000e+00 0.000000e+00 0.000000e+00 0.000000e+00 0.000000e+00
13739.3 7.920071e-04 1.562666e-03 4.353116e-04 1.571708e-04 2.659525e-04 5.461230e-04 1.307589e-03 9.973752e-01 1.025351e-02 0.000000e+00 0.000000e+00 0.000000e+00 0.000000e+00 0.000000e+00 0.000000e+00 0.000000e+00 1.020536e-05
13768.8 5.303116e-04 1.238296e-03 9.410931e-05 0.000000e+00 0.000000e+00 2.769484e-04 1.032192e-03 9.956990e-01 4.014290e-03 0.000000e+00 0.000000e+00 0.000000e+00 0.000000e+00 0.000000e+00 0.000000e+00 0.000000e+00 0.000000e+00
13799.4 8.588107e-04 1.413185e-03 1.050677e-04 0.000000e+00 1.226249e-04 4.084763e-04 2.827498e-03 9.974036e-01 1.247762e-03 0.000000e+00 0.000000e+00 0.000000e+00 0.000000e+00 0.000000e+00 0.000000e+00 0.000000e+00 0.000000e+00
13828.9 1.250335e-03 1.554717e-03 1.782305e-04 1.334619e-04 3.762902e-04 5.940052e-04 5.981580e-03 9.999348e-01 6.445525e-04 0.000000e+00 0.000000e+00 0.000000e+00 0.000000e+00 0.000000e+00 0.000000e+00 0.000000e+00 2.880742e-05
13859.5 1.623137e-03 1.674052e-03 2.991260e-04 2.711516e-04 6.193245e-04 8.086257e-04 1.483417e-02 1.002774e+00 6.517298e-04 3.998088e-06 0.000000e+00 0.000000e+00 0.000000e+00 0.000000e+00 0.000000e+00 1.535939e-04 2.921058e-04
13889.0 2.076224e-03 1.928434e-03 6.165486e-04 4.865349e-04 1.015537e-03 1.258818e-03 4.951707e-02 9.789132e-01 8.923022e-04 3.748828e-04 2.146722e-04 2.007843e-04 2.194289e-04 2.321276e-04 3.178658e-04 4.438701e-04 6.302399e-04
13918.5 2.196286e-03 2.090560e-03 7.459889e-04 6.453347e-04 1.146491e-03 1.519137e-03 1.701758e-01 8.531632e-01 1.046773e-03 5.797765e-04 4.204818e-04 4.620058e-04 4.183909e-04 4.981316e-04 4.720747e-04 5.985186e-04 8.000334e-04
13949.1 2.089924e-03 1.996393e-03 6.658030e-04 6.821094e-04 1.010085e-03 1.422861e-03 4.250407e-01 5.797629e-01 8.376626e-04 4.913398e-04 3.559295e-04 3.862155e-04 2.927967e-04 4.529084e-04 3.643228e-04 5.412554e-04 7.162231e-04
13978.6 2.278042e-03 1.937032e-03 8.500255e-04 8.821238e-04 1.219627e-03 1.636104e-03 7.206514e-01 2.859637e-01 9.400689e-04 6.503031e-04 4.816396e-04 5.006905e-04 4.725425e-04 6.203849e-04 5.799481e-04 6.900993e-04 9.366830e-04
14009.1 2.120973e-03 1.425673e-03 6.620953e-04 6.747174e-04 1.092648e-03 1.560413e-03 9.304729e-01 9.110427e-02 6.774272e-04 3.896359e-04 2.828793e-04 2.703255e-04 2.941351e-04 4.532255e-04 4.534594e-04 5.720916e-04 9.433041e-04
14038.6 1.871639e-03 9.058417e-04 4.418214e-04 4.465315e-04 8.794863e-04 1.446082e-03 9.990579e-01 2.453792e-02 3.447041e-04 9.642363e-05 6.006139e-05 2.866793e-05 5.840218e-05 2.185048e-04 2.226066e-04 4.106731e-04 8.972747e-04
14069.1 1.858925e-03 7.103762e-04 4.465185e-04 5.061183e-04 9.033911e-04 1.666058e-03 1.001287e+00 1.060460e-02 3.084495e-04 1.192143e-04 1.076189e-04 4.798619e-05 6.454797e-05 2.138718e-04 2.640422e-04 5.177905e-04 9.522146e-04
14098.6 2.008468e-03 7.194618e-04 5.684313e-04 7.752586e-04 1.104821e-03 2.054470e-03 9.998605e-01 4.304174e-03 4.631677e-04 3.263766e-04 2.881601e-04 2.251194e-04 2.623087e-04 3.963337e-04 4.915239e-04 7.230419e-04 1.124048e-03
14129.1 1.925115e-03 6.292969e-04 4.525468e-04 7.276612e-04 1.020083e-03 3.268536e-03 9.991478e-01 1.522571e-03 3.739267e-04 2.257126e-04 1.616035e-04 1.157658e-04 2.273927e-04 3.697222e-04 4.673398e-04 6.672431e-04 1.047669e-03
14158.6 1.711963e-03 4.438224e-04 3.096889e-04 5.105146e-04 8.938859e-04 5.711368e-03 1.000101e+00 7.066751e-04 1.949652e-04 1.546627e-05 0.000000e+00 0.000000e+00 6.846830e-05 1.884688e-04 3.122276e-04 4.718884e-04 9.096260e-04
14189.1 1.435936e-03 2.035690e-04 7.684164e-05 2.402763e-04 7.302091e-04 1.107977e-02 1.004307e+00 5.146165e-04 2.720115e-05 0.000000e+00 0.000000e+00 0.000000e+00 0.000000e+00 0.000000e+00 1.101687e-04 2.424855e-04 7.216270e-04
14218.5 1.122504e-03 0.000000e+00 0.000000e+00 0.000000e+00 5.184774e-04 3.842677e-02 9.885639e-01 1.749072e-04 0.000000e+00 0.000000e+00 0.000000e+00 0.000000e+00 0.000000e+00 0.000000e+00 0.000000e+00 0.000000e+00 5.233526e-04
14249.0 7.980088e-04 0.000000e+00 0.000000e+00 0.000000e+00 3.004990e-04 1.396423e-01 8.884609e-01 0.000000e+00 0.000000e+00 0.000000e+00 0.000000e+00 0.000000e+00 0.000000e+00 0.000000e+00 0.000000e+00 0.000000e+00 3.723416e-04
14279.5 8.130689e-04 0.000000e+00 0.000000e+00 0.000000e+00 4.506717e-04 3.580920e-01 6.563350e-01 0.000000e+00 0.000000e+00 0.000000e+00 0.000000e+00 0.000000e+00 0.000000e+00 0.000000e+00 0.000000e+00 0.000000e+00 5.953566e-04
14309.0 1.058147e-03 0.000000e+00 0.000000e+00 3.069708e-04 7.530409e-04 6.392559e-01 3.711854e-01 7.108814e-05 0.000000e+00 0.000000e+00 0.000000e+00 0.000000e+00 0.000000e+00 0.000000e+00 0.000000e+00 2.659959e-04 1.107755e-03
14339.4 1.109015e-03 2.517369e-04 2.660260e-04 6.681850e-04 1.116802e-03 8.789683e-01 1.413307e-01 2.940130e-04 0.000000e+00 0.000000e+00 0.000000e+00 0.000000e+00 3.026676e-05 8.573224e-05 3.176401e-04 6.502899e-04 1.638917e-03
14368.8 8.975359e-04 4.333284e-04 4.459463e-04 8.005571e-04 1.386091e-03 9.848639e-01 3.978755e-02 3.962369e-04 1.277528e-04 6.237733e-05 4.392161e-05 1.269413e-06 2.664613e-04 2.893689e-04 4.834016e-04 8.823441e-04 1.977630e-03
14399.3 6.953320e-04 4.737727e-04 6.065162e-04 8.916321e-04 1.573457e-03 1.002889e+00 1.294689e-02 4.096722e-04 2.416367e-04 1.107350e-04 8.239548e-05 8.205545e-05 3.078430e-04 4.195331e-04 5.184402e-04 9.753540e-04 2.073642e-03
14428.7 5.711271e-04 3.464744e-04 5.789637e-04 9.091686e-04 1.614363e-03 1.000921e+00 5.647988e-03 2.923766e-04 1.705001e-04 2.907256e-06 0.000000e+00 2.542837e-05 2.235707e-04 3.508898e-04 3.926056e-04 9.675528e-04 1.979242e-03
14459.2 5.726679e-04 3.188123e-04 5.917668e-04 9.729795e-04 2.312963e-03 9.990825e-01 2.094693e-03 2.828477e-04 2.014633e-04 6.985218e-05 4.994356e-05 1.175277e-04 3.032636e-04 4.208459e-04 4.847961e-04 1.093975e-03 1.969197e-03
14488.6 4.622553e-04 2.809267e-04 5.495507e-04 9.281385e-04 4.041154e-03 9.986780e-01 1.049198e-03 2.276430e-04 1.765042e-04 9.951519e-05 7.831897e-05 1.476679e-04 2.946911e-04 4.124720e-04 5.191438e-04 1.066913e-03 1.892105e-03
14519.0 4.408264e-04 3.544890e-04 5.839494e-04 1.039464e-03 7.293709e-03 1.000891e+00 1.021014e-03 2.361911e-04 2.003612e-04 1.013100e-04 1.335008e-04 1.967239e-04 2.931073e-04 4.422341e-04 5.631949e-04 1.052762e-03 1.741711e-03
14549.5 4.619806e-04 4.653070e-04 6.178361e-04 1.177776e-03 1.812353e-02 1.003989e+00 8.608867e-04 2.698916e-04 2.294871e-04 1.473094e-04 2.136057e-04 2.834165e-04 3.431324e-04 5.380745e-04 6.130934e-04 1.167909e-03 1.390528e-03
14578.8 6.439909e-04 6.532989e-04 8.643812e-04 1.416355e-03 6.850041e-02 9.632330e-01 9.941355e-04 4.838072e-04 4.491777e-04 3.693399e-04 4.864203e-04 5.833896e-04 6.055004e-04 8.094698e-04 8.882110e-04 1.478454e-03 1.297317e-03
14609.3 7.152738e-04 6.774112e-04 9.878826e-04 1.539911e-03 2.119500e-01 8.113583e-01 9.636242e-04 5.483931e-04 4.701828e-04 4.662794e-04 5.436552e-04 6.198013e-04 6.409349e-04 8.686410e-04 1.040991e-03 1.579730e-03 1.167400e-03
14638.6 6.342141e-04 6.065538e-04 9.015278e-04 1.562781e-03 4.521880e-01 5.553988e-01 8.803382e-04 4.201777e-04 3.219160e-04 3.677845e-04 3.662761e-04 4.499663e-04 4.635663e-04 7.124499e-04 1.033066e-03 1.684491e-03 9.913873e-04
14669.0 4.950676e-04 5.638321e-04 8.369179e-04 1.550760e-03 7.311856e-01 2.787259e-01 7.896006e-04 2.753957e-04 1.943911e-04 2.649860e-04 2.418478e-04 3.491433e-04 4.087924e-04 6.462834e-04 1.011682e-03 1.931487e-03 8.439665e-04
14699.5 5.099532e-04 5.845310e-04 9.294056e-04 1.629614e-03 9.242100e-01 9.806744e-02 6.969305e-04 2.998509e-04 2.343909e-04 2.570376e-04 2.779492e-04 4.303451e-04 4.885789e-04 6.637970e-04 1.042693e-03 2.129189e-03 9.239426e-04
14728.8 3.610553e-04 4.549555e-04 7.835656e-04 1.590160e-03 9.950864e-01 2.801465e-02 4.534551e-04 1.460957e-04 5.671078e-05 9.499607e-05 1.247872e-04 2.334896e-04 3.081171e-04 4.688896e-04 8.965421e-04 1.915188e-03 7.524488e-04
14759.2 2.841123e-04 4.054812e-04 6.996012e-04 1.655153e-03 1.002300e+00 9.879673e-03 3.065643e-04 5.118111e-05 0.000000e+00 0.000000e+00 2.328399e-05 1.050123e-04 2.016500e-04 4.311860e-04 8.339056e-04 1.822443e-03 6.220396e-04
14788.5 6.094179e-04 7.128560e-04 1.043431e-03 2.087994e-03 9.993030e-01 4.822551e-03 5.577084e-04 3.584006e-04 2.229017e-04 3.048754e-04 2.809277e-04 4.571367e-04 5.559011e-04 8.262975e-04 1.185949e-03 2.200161e-03 8.369192e-04
14818.9 8.893348e-04 9.524256e-04 1.392749e-03 3.216773e-03 9.979944e-01 2.525694e-03 8.097497e-04 6.947344e-04 5.067406e-04 5.787331e-04 5.523894e-04 7.915130e-04 8.613284e-04 1.148501e-03 1.525859e-03 2.571425e-03 1.035315e-03
14849.3 8.129924e-04 9.078112e-04 1.450873e-03 5.277883e-03 9.988487e-01 1.532448e-03 7.974263e-04 6.281427e-04 4.119564e-04 4.983296e-04 5.817235e-04 7.167508e-04 8.164594e-04 1.106388e-03 1.532436e-03 2.489653e-03 9.533368e-04
14878.6 6.654718e-04 8.169623e-04 1.357628e-03 7.854489e-03 1.000596e+00 1.315123e-03 6.615980e-04 4.710268e-04 2.202373e-04 3.288958e-04 4.654516e-04 5.369192e-04 6.852822e-04 9.464862e-04 1.397092e-03 2.018231e-03 8.157058e-04
14909.0 6.283598e-04 8.124143e-04 1.312542e-03 2.101902e-02 9.985120e-01 1.007523e-03 5.754443e-04 3.554886e-04 2.053148e-04 2.934771e-04 3.962081e-04 4.644377e-04 6.634831e-04 8.564929e-04 1.388083e-03 1.506762e-03 7.247872e-04
14939.4 5.889129e-04 7.997459e-04 1.276766e-03 7.581188e-02 9.550198e-01 7.434144e-04 4.240165e-04 2.571906e-04 2.045447e-04 2.807495e-04 3.462228e-04 4.014227e-04 6.263128e-04 8.132996e-04 1.423866e-03 1.175621e-03 6.603847e-04
14968.7 7.846412e-04 1.066809e-03 1.614059e-03 2.175856e-01 8.094170e-01 9.632294e-04 6.316969e-04 5.195556e-04 4.820864e-04 4.985912e-04 5.990493e-04 6.737637e-04 8.843119e-04 1.098633e-03 1.737171e-03 1.339765e-03 9.200776e-04
14999.0 8.301536e-04 1.196672e-03 1.772072e-03 4.657299e-01 5.465550e-01 1.050725e-03 7.013288e-04 6.453516e-04 5.262490e-04 4.940545e-04 6.449480e-04 7.602284e-04 9.518386e-04 1.268464e-03 1.986200e-03 1.345768e-03 1.003592e-03
15029.4 7.937112e-04 1.207665e-03 1.849902e-03 7.380667e-01 2.752411e-01 1.005685e-03 6.663917e-04 6.202087e-04 4.901626e-04 4.523783e-04 5.953896e-04 7.184361e-04 9.146277e-04 1.312106e-03 2.210732e-03 1.321568e-03 9.429572e-04
15058.6 5.096949e-04 9.102842e-04 1.620374e-03 9.164351e-01 1.063987e-01 6.073552e-04 2.967270e-04 2.402436e-04 1.155922e-04 1.546900e-04 2.383323e-04 3.759938e-04 5.729130e-04 9.851157e-04 2.104390e-03 9.136742e-04 5.850818e-04
15089.0 2.344534e-04 5.402505e-04 1.289746e-03 9.877564e-01 3.356112e-02 2.357553e-04 0.000000e+00 0.000000e+00 0.000000e+00 0.000000e+00 0.000000e+00 5.556444e-05 2.588781e-04 6.477198e-04 1.898412e-03 4.381480e-04 2.549347e-04
15119.3 7.878003e-05 3.357594e-04 1.189266e-03 9.987268e-01 1.198021e-02 0.000000e+00 0.000000e+00 0.000000e+00 0.000000e+00 0.000000e+00 0.000000e+00 0.000000e+00 9.846541e-05 4.897289e-04 1.753939e-03 1.763364e-04 1.647505e-05
15148.6 8.607641e-05 4.130417e-04 1.343899e-03 9.996551e-01 4.854010e-03 0.000000e+00 0.000000e+00 0.000000e+00 0.000000e+00 0.000000e+00 0.000000e+00 0.000000e+00 1.323078e-04 5.221691e-04 1.729359e-03 1.724193e-04 2.052042e-05
15178.9 2.019853e-04 5.783289e-04 2.195408e-03 1.000049e+00 1.626416e-03 0.000000e+00 0.000000e+00 0.000000e+00 0.000000e+00 0.000000e+00 0.000000e+00 1.205074e-05 2.053168e-04 6.366263e-04 1.774198e-03 1.573117e-04 8.516585e-05
15209.2 4.271678e-04 7.375572e-04 4.416471e-03 9.994782e-01 7.039379e-04 8.803888e-05 0.000000e+00 0.000000e+00 0.000000e+00 0.000000e+00 1.193268e-05 1.245279e-04 3.856324e-04 8.355073e-04 1.850416e-03 3.078846e-04 2.505976e-04
15239.5 5.603781e-04 8.600547e-04 7.170783e-03 9.998959e-01 8.529133e-04 1.896804e-04 9.050950e-05 1.446241e-05 0.000000e+00 1.895859e-05 1.694320e-04 2.481469e-04 5.065928e-04 9.983669e-04 1.780732e-03 5.492538e-04 3.699580e-04
15268.7 5.686481e-04 8.724682e-04 1.332220e-02 1.003111e+00 8.747108e-04 2.091704e-04 4.945181e-05 1.012117e-05 0.000000e+00 8.309127e-05 1.879343e-04 2.890390e-04 4.921557e-04 1.033829e-03 1.454863e-03 5.708479e-04 3.841064e-04
15299.0 6.342219e-04 9.338748e-04 5.191001e-02 9.758633e-01 8.043394e-04 2.538521e-04 7.501520e-05 5.596265e-05 0.000000e+00 1.480464e-04 2.161965e-04 3.854860e-04 5.071101e-04 1.144348e-03 1.174201e-03 5.323687e-04 4.151030e-04
15329.3 7.090736e-04 9.866857e-04 1.688357e-01 8.562512e-01 7.227271e-04 2.629527e-04 1.337631e-04 8.953034e-05 0.000000e+00 1.468640e-04 1.923866e-04 3.782091e-04 5.987146e-04 1.285569e-03 1.019750e-03 5.486423e-04 4.199047e-04
15358.5 6.364879e-04 1.022387e-03 3.843870e-01 6.254307e-01 5.490798e-04 1.833260e-04 9.359480e-05 3.537590e-05 0.000000e+00 6.922169e-05 1.042481e-04 3.457562e-04 6.393194e-04 1.345992e-03 9.432361e-04 5.039388e-04 3.139159e-04
15388.8 4.969321e-04 1.032523e-03 6.612207e-01 3.455714e-01 3.298984e-04 2.302090e-05 0.000000e+00 0.000000e+00 0.000000e+00 0.000000e+00 0.000000e+00 2.604279e-04 5.581515e-04 1.456526e-03 8.191171e-04 3.473083e-04 1.217415e-04
15419.1 4.449643e-04 1.075065e-03 8.788287e-01 1.398491e-01 1.346113e-04 0.000000e+00 0.000000e+00 0.000000e+00 0.000000e+00 0.000000e+00 0.000000e+00 2.314740e-04 4.395715e-04 1.682266e-03 7.000960e-04 2.334375e-04 1.059526e-05
15449.3 8.682855e-04 1.478676e-03 9.775647e-01 4.674949e-02 4.484278e-04 1.970017e-04 1.915232e-04 1.066375e-04 1.487172e-05 1.789068e-04 3.112951e-04 5.818346e-04 8.282200e-04 2.149354e-03 9.714483e-04 5.393302e-04 2.996199e-04
15478.5 1.290272e-03 2.006992e-03 9.992857e-01 1.769452e-02 8.176237e-04 5.950483e-04 6.080168e-04 5.308508e-04 4.082006e-04 6.425445e-04 7.364635e-04 9.612562e-04 1.285522e-03 2.495066e-03 1.318884e-03 9.294962e-04 6.805378e-04
15508.8 1.360511e-03 2.296926e-03 1.000395e+00 7.647118e-03 8.469808e-04 6.928251e-04 6.874752e-04 5.683275e-04 4.727616e-04 7.256640e-04 8.195486e-04 9.570505e-04 1.380374e-03 2.559227e-03 1.307419e-03 1.016849e-03 7.880276e-04
15539.0 1.281426e-03 2.450204e-03 1.000240e+00 3.120310e-03 7.045753e-04 6.133621e-04 5.166201e-04 4.317171e-04 3.589285e-04 5.579142e-04 7.199543e-04 8.298426e-04 1.298139e-03 2.502421e-03 1.090888e-03 8.976259e-04 6.794875e-04
15569.2 1.332908e-03 3.750043e-03 9.995133e-01 1.733528e-03 7.170694e-04 5.880042e-04 4.709802e-04 4.580562e-04 4.118779e-04 5.344867e-04 7.597038e-04 9.000288e-04 1.376965e-03 2.476463e-03 1.088007e-03 9.004936e-04 6.854178e-04
15599.5 1.250415e-03 6.214789e-03 9.996401e-01 1.285276e-03 5.529924e-04 4.010997e-04 3.507038e-04 3.358658e-04 3.082780e-04 3.958785e-04 6.003337e-04 7.955810e-04 1.276069e-03 2.189760e-03 8.847191e-04 7.979610e-04 5.585757e-04
15628.6 1.325532e-03 9.565607e-03 1.001903e+00 1.231964e-03 5.649330e-04 4.393904e-04 4.334051e-04 3.475088e-04 3.390862e-04 4.326481e-04 6.924940e-04 8.587139e-04 1.382796e-03 1.956021e-03 8.631007e-04 8.417945e-04 6.070559e-04
15658.9 1.634142e-03 2.240305e-02 1.000509e+00 1.312981e-03 7.682695e-04 7.103457e-04 6.740281e-04 6.022390e-04 5.444280e-04 6.464598e-04 9.891941e-04 1.133990e-03 1.734581e-03 1.858802e-03 1.117644e-03 1.031642e-03 8.741635e-04
15689.1 1.645235e-03 8.784872e-02 9.398509e-01 1.172186e-03 6.899691e-04 6.290421e-04 5.951662e-04 5.578760e-04 4.753284e-04 5.810096e-04 8.857949e-04 1.107525e-03 1.734322e-03 1.543543e-03 1.087644e-03 9.095962e-04 8.347427e-04
15719.3 1.522309e-03 2.511118e-01 7.652837e-01 8.141197e-04 4.587123e-04 3.501783e-04 3.726360e-04 3.188172e-04 2.676576e-04 3.222658e-04 5.711259e-04 9.040308e-04 1.500975e-03 1.259201e-03 8.004722e-04 6.252170e-04 5.892281e-04
15749.5 1.450439e-03 5.141864e-01 4.893553e-01 6.323951e-04 3.347821e-04 2.254308e-04 2.637785e-04 1.793020e-04 1.919917e-04 1.931194e-04 4.486939e-04 8.237901e-04 1.598432e-03 1.103068e-03 6.154768e-04 4.691847e-04 4.850512e-04
15778.6 1.572702e-03 7.710685e-01 2.394628e-01 6.844594e-04 3.784541e-04 2.953886e-04 3.395032e-04 2.487371e-04 2.667644e-04 2.463736e-04 5.266574e-04 9.328722e-04 2.007618e-03 1.079599e-03 6.455055e-04 5.384062e-04 5.690097e-04
15808.8 1.509515e-03 9.382741e-01 8.493237e-02 4.932156e-04 2.673335e-04 1.813135e-04 2.003852e-04 1.122354e-04 1.426253e-04 1.539658e-04 3.937871e-04 8.260020e-04 2.099275e-03 8.995095e-04 4.917913e-04 4.270154e-04 3.827570e-04
15838.9 1.549613e-03 9.917835e-01 3.013406e-02 3.528242e-04 2.806281e-04 1.668262e-04 1.745253e-04 4.792388e-05 9.166297e-05 1.440174e-04 3.862267e-04 8.068829e-04 2.005458e-03 8.330851e-04 4.609158e-04 3.447602e-04 3.060736e-04
15869.1 1.573584e-03 9.977343e-01 1.315793e-02 2.680702e-04 2.296988e-04 1.373399e-04 1.358610e-04 5.370737e-05 3.776050e-05 1.721140e-04 3.600549e-04 7.886248e-04 1.898205e-03 7.444465e-04 4.715894e-04 2.663912e-04 3.055846e-04
15899.3 1.792455e-03 9.972115e-01 5.809858e-03 4.477323e-04 3.492858e-04 2.862988e-04 2.946324e-04 2.368161e-04 1.613401e-04 3.823110e-04 5.121675e-04 9.717219e-04 2.012700e-03 8.651224e-04 6.712593e-04 4.227723e-04 4.583256e-04
15929.4 2.860731e-03 9.973405e-01 2.386321e-03 5.858436e-04 5.099833e-04 4.875664e-04 4.511486e-04 4.044006e-04 3.492859e-04 5.899067e-04 6.669717e-04 1.152936e-03 2.220788e-03 9.754781e-04 8.087429e-04 6.018150e-04 6.219879e-04
15958.5 5.234525e-03 9.984421e-01 1.374968e-03 7.145377e-04 6.517254e-04 5.829115e-04 5.651927e-04 5.641644e-04 5.345597e-04 7.098494e-04 8.364904e-04 1.353067e-03 2.380610e-03 1.063569e-03 9.075282e-04 7.390951e-04 7.963331e-04
15988.7 8.516257e-03 1.000281e+00 1.420843e-03 7.429557e-04 6.666517e-04 5.965505e-04 5.973238e-04 6.341588e-04 5.790799e-04 7.674813e-04 9.650998e-04 1.483234e-03 2.287811e-03 1.098470e-03 9.495634e-04 7.988098e-04 8.701475e-04
16018.8 1.546957e-02 1.002787e+00 1.191906e-03 6.624456e-04 5.885348e-04 5.656453e-04 5.541112e-04 5.147218e-04 4.898531e-04 7.701212e-04 9.967411e-04 1.499692e-03 1.940543e-03 1.061541e-03 9.045725e-04 7.743556e-04 7.690115e-04
16048.9 4.528532e-02 9.916449e-01 8.090565e-04 3.684368e-04 3.265607e-04 3.498290e-04 3.260849e-04 2.441880e-04 2.254310e-04 5.800786e-04 7.030599e-04 1.261191e-03 1.382389e-03 7.807294e-04 6.800604e-04 5.398767e-04 5.241479e-04
16079.0 1.486504e-01 9.142084e-01 4.760889e-04 1.348406e-04 7.584674e-05 5.720646e-05 1.083795e-04 5.266183e-05 0.000000e+00 3.361137e-04 4.149020e-04 9.979104e-04 9.793072e-04 5.199113e-04 4.565267e-04 3.107601e-04 3.500157e-04
16109.2 3.686479e-01 7.144080e-01 7.585242e-04 4.800453e-04 4.675312e-04 3.955275e-04 4.764272e-04 4.550611e-04 3.062793e-04 6.975559e-04 8.141313e-04 1.467165e-03 1.279195e-03 8.432716e-04 7.734212e-04 6.537952e-04 6.745186e-04
16139.3 6.516338e-01 4.346834e-01 1.047215e-03 7.850200e-04 7.926190e-04 7.115373e-04 7.822010e-04 7.576340e-04 6.403747e-04 9.781259e-04 1.289989e-03 2.116560e-03 1.600421e-03 1.166591e-03 1.060663e-03 9.712368e-04 9.160138e-04
16169.4 8.752511e-01 1.958381e-01 1.012215e-03 7.364394e-04 7.504041e-04 7.224325e-04 7.175728e-04 6.941644e-04 6.387915e-04 8.721927e-04 1.314484e-03 2.406077e-03 1.537372e-03 1.122891e-03 9.839739e-04 9.493337e-04 8.810553e-04
16199.5 9.773780e-01 6.847472e-02 7.893351e-04 5.645283e-04 5.606653e-04 5.388990e-04 5.616212e-04 5.297993e-04 4.819659e-04 7.154816e-04 1.161895e-03 2.336184e-03 1.328510e-03 9.500823e-04 7.716879e-04 8.012276e-04 7.817139e-04
16228.5 1.000094e+00 2.395898e-02 6.663337e-04 4.915165e-04 5.357780e-04 4.532394e-04 4.949903e-04 4.920813e-04 4.033354e-04 7.204755e-04 1.084538e-03 2.252015e-03 1.193411e-03 8.567569e-04 6.789619e-04 7.040595e-04 7.301648e-04
16258.6 1.000401e+00 1.112296e-02 5.729982e-04 4.450509e-04 4.897995e-04 4.109901e-04 4.370653e-04 4.026622e-04 3.607517e-04 6.580507e-04 1.111691e-03 2.194329e-03 1.092286e-03 8.164115e-04 6.703437e-04 6.462280e-04 6.628950e-04
16288.7 1.000115e+00 5.491573e-03 6.569813e-04 4.959444e-04 5.171975e-04 5.420517e-04 5.243670e-04 4.544307e-04 4.670471e-04 7.186112e-04 1.258532e-03 2.264019e-03 1.085710e-03 9.081735e-04 7.581727e-04 7.964792e-04 7.497079e-04
16318.8 9.996567e-01 2.538558e-03 5.869276e-04 4.194663e-04 3.834168e-04 4.567615e-04 5.008329e-04 4.368712e-04 4.504275e-04 7.177833e-04 1.257734e-03 2.249128e-03 9.591037e-04 8.797739e-04 7.189514e-04 7.767181e-04 7.450202e-04
16348.8 9.995552e-01 1.248780e-03 4.500026e-04 3.348225e-04 2.789701e-04 3.577624e-04 3.957061e-04 3.223181e-04 3.834756e-04 6.708235e-04 1.177768e-03 2.159838e-03 8.206013e-04 7.339899e-04 6.057820e-04 6.310073e-04 6.534630e-04
16378.9 1.001465e+00 1.329339e-03 7.080250e-04 6.498359e-04 5.885462e-04 6.535540e-04 6.781046e-04 5.260125e-04 6.997672e-04 9.590768e-04 1.495895e-03 2.297453e-03 1.111699e-03 1.007430e-03 8.830281e-04 9.203006e-04 9.095035e-04
16408.9 1.001523e+00 1.395804e-03 8.981927e-04 8.183325e-04 7.574305e-04 8.307032e-04 8.446116e-04 7.179715e-04 8.902448e-04 1.097114e-03 1.702005e-03 2.122760e-03 1.214755e-03 1.174111e-03 1.014333e-03 1.088265e-03 1.123026e-03
16439.0 9.722669e-01 1.274063e-03 7.454444e-04 6.309433e-04 6.459338e-04 6.496434e-04 6.418976e-04 6.270044e-04 7.197485e-04 8.866759e-04 1.540174e-03 1.696237e-03 9.870579e-04 9.739616e-04 7.898289e-04 8.727937e-04 1.002327e-03
16469.0 8.615746e-01 9.138913e-04 3.796136e-04 2.461632e-04 3.449279e-04 3.178018e-04 2.652910e-04 2.979472e-04 3.928975e-04 6.027080e-04 1.236466e-03 1.203609e-03 5.680451e-04 5.051418e-04 3.670431e-04 4.919425e-04 6.136380e-04
16499.0 6.394725e-01 5.255833e-04 8.639109e-05 0.000000e+00 1.110712e-04 6.568977e-05 2.496072e-05 4.762895e-05 1.749705e-04 4.792551e-04 1.141152e-03 8.525248e-04 3.076523e-04 2.303216e-04 1.300533e-04 2.899479e-04 2.946821e-04
16529.0 3.657637e-01 2.117135e-04 0.000000e+00 0.000000e+00 0.000000e+00 0.000000e+00 0.000000e+00 0.000000e+00 0.000000e+00 2.661527e-04 1.142875e-03 5.163054e-04 7.102972e-05 0.000000e+00 0.000000e+00 4.869019e-05 3.534919e-05
16559.0 1.522375e-01 2.932728e-04 0.000000e+00 0.000000e+00 0.000000e+00 0.000000e+00 0.000000e+00 0.000000e+00 4.269836e-05 3.828206e-04 1.484407e-03 5.434553e-04 2.309672e-04 1.300303e-04 1.000305e-04 1.485439e-04 1.894415e-04
16589.1 5.026228e-02 6.921912e-04 3.511414e-04 3.455682e-04 2.917184e-04 2.961095e-04 2.989874e-04 3.540639e-04 4.950380e-04 8.480674e-04 2.005578e-03 8.520144e-04 6.393021e-04 5.235890e-04 4.690628e-04 5.645148e-04 6.354146e-04
16619.1 1.966616e-02 8.593903e-04 6.015237e-04 5.583961e-04 4.990299e-04 4.834405e-04 5.338591e-04 5.693623e-04 7.034056e-04 1.118641e-03 2.201487e-03 1.002569e-03 8.523593e-04 7.343069e-04 6.467180e-04 8.161842e-04 8.342412e-04
16649.1 1.056269e-02 8.640989e-04 6.400032e-04 5.688146e-04 5.416546e-04 5.633019e-04 5.864656e-04 6.293623e-04 7.057756e-04 1.181686e-03 2.221004e-03 1.083200e-03 9.148285e-04 7.587307e-04 7.132699e-04 8.678451e-04 8.281923e-04
16679.0 5.318992e-03 9.182799e-04 6.865935e-04 6.340543e-04 5.995219e-04 6.228701e-04 6.689536e-04 7.094549e-04 8.245907e-04 1.290516e-03 2.296622e-03 1.134382e-03 1.025506e-03 8.191882e-04 8.308151e-04 9.763442e-04 8.896407e-04
16709.0 2.831460e-03 7.675348e-04 5.578818e-04 5.198698e-04 5.070996e-04 5.233190e-04 5.547353e-04 6.439726e-04 7.506694e-04 1.223426e-03 2.187066e-03 9.852254e-04 8.869454e-04 7.170354e-04 7.483838e-04 8.825011e-04 7.473752e-04
16739.0 1.706871e-03 3.712076e-04 2.517279e-04 2.917047e-04 2.553421e-04 2.657526e-04 2.935243e-04 4.328496e-04 4.886466e-04 1.042275e-03 1.900928e-03 7.215675e-04 5.563869e-04 4.766596e-04 5.234789e-04 5.979022e-04 4.362005e-04
16769.0 1.244340e-03 1.969099e-04 1.151131e-04 1.720102e-04 1.577470e-04 1.907473e-04 1.734681e-04 3.940915e-04 3.936883e-04 9.544497e-04 1.651678e-03 6.540898e-04 4.607264e-04 4.209797e-04 4.712210e-04 5.136798e-04 3.436331e-04
16798.9 1.047913e-03 3.522617e-04 2.651758e-04 2.768052e-04 2.953347e-04 3.512541e-04 3.014620e-04 5.331313e-04 5.743376e-04 1.060214e-03 1.443427e-03 7.296058e-04 6.423223e-04 5.999735e-04 6.144644e-04 6.831285e-04 5.279292e-04
16828.9 9.581590e-04 4.537304e-04 4.205617e-04 4.080248e-04 4.290176e-04 5.593604e-04 4.664973e-04 6.772371e-04 7.389675e-04 1.223282e-03 1.315496e-03 8.196805e-04 7.652231e-04 7.733682e-04 7.662703e-04 7.603064e-04 6.354001e-04
16858.8 8.245096e-04 4.846917e-04 4.971841e-04 4.985859e-04 5.476291e-04 6.431227e-04 5.696065e-04 7.435985e-04 9.008219e-04 1.445019e-03 1.335081e-03 9.050767e-04 7.624753e-04 8.175136e-04 8.579139e-04 7.997678e-04 6.792318e-04
16888.8 6.520646e-04 3.796835e-04 4.127123e-04 3.905433e-04 4.718948e-04 5.180006e-04 4.542689e-04 6.390676e-04 8.467913e-04 1.498476e-03 1.223891e-03 8.132027e-04 6.621055e-04 6.141390e-04 7.257211e-04 7.558652e-04 5.622097e-04
16918.7 5.678551e-04 3.151369e-04 3.249935e-04 3.058903e-04 4.115877e-04 3.848704e-04 3.333128e-04 5.177397e-04 7.753195e-04 1.553437e-03 1.051099e-03 6.868265e-04 6.097271e-04 4.967844e-04 5.913265e-04 6.901442e-04 4.768466e-04
16948.6 4.217689e-04 2.070302e-04 2.305783e-04 2.283462e-04 3.187374e-04 3.228902e-04 2.499759e-04 4.151647e-04 7.636974e-04 1.649546e-03 9.114707e-04 5.875013e-04 4.849273e-04 4.736398e-04 5.025994e-04 5.888975e-04 4.191348e-04
16978.5 5.058513e-04 3.276404e-04 3.537876e-04 3.422016e-04 4.310202e-04 4.561106e-04 4.023137e-04 5.224637e-04 9.680784e-04 1.979996e-03 1.023506e-03 7.106806e-04 5.521643e-04 6.429033e-04 6.441110e-04 7.417328e-04 6.033301e-04
17009.5 4.034921e-04 2.656288e-04 2.411787e-04 2.635820e-04 3.079171e-04 3.656526e-04 3.363550e-04 4.698541e-04 9.065282e-04 2.007083e-03 8.774946e-04 5.985200e-04 4.714818e-04 5.397483e-04 5.616800e-04 6.354396e-04 5.277786e-04
17039.4 1.412640e-04 3.007655e-05 3.742627e-05 5.411429e-05 7.189806e-05 1.394596e-04 1.156589e-04 2.717289e-04 6.929342e-04 1.775850e-03 5.641028e-04 3.516302e-04 3.034785e-04 2.819188e-04 3.792712e-04 3.543082e-04 3.150438e-04
17069.3 0.000000e+00 0.000000e+00 0.000000e+00 0.000000e+00 0.000000e+00 0.000000e+00 0.000000e+00 8.073899e-05 5.329305e-04 1.518789e-03 3.285090e-04 1.480356e-04 1.557995e-04 7.322813e-05 1.983620e-04 1.034862e-04 1.052610e-04
17099.2 8.891723e-05 9.296535e-05 6.742648e-05 5.958314e-05 1.148013e-04 1.932862e-04 1.854800e-04 3.174449e-04 8.101625e-04 1.694390e-03 5.550940e-04 3.759138e-04 4.187153e-04 3.696904e-04 4.431953e-04 3.239287e-04 3.507129e-04
17129.0 1.945868e-04 2.348848e-04 1.254149e-04 1.731534e-04 2.385715e-04 3.260957e-04 2.797380e-04 4.166917e-04 9.514205e-04 1.790886e-03 6.283135e-04 4.732762e-04 5.336410e-04 4.947196e-04 5.687256e-04 4.086884e-04 4.722697e-04
17158.9 2.457333e-04 2.832493e-04 1.984568e-04 2.655490e-04 3.100354e-04 3.671473e-04 3.597160e-04 4.479645e-04 9.738934e-04 1.745717e-03 6.224612e-04 5.021711e-04 5.375124e-04 4.903675e-04 6.084372e-04 4.813325e-04 5.705454e-04
17188.8 0.000000e+00 3.674159e-05 0.000000e+00 2.429703e-07 6.844222e-05 8.258206e-05 1.713461e-04 2.316959e-04 6.837767e-04 1.274360e-03 3.252001e-04 2.221293e-04 2.464646e-04 1.611344e-04 3.331933e-04 2.065793e-04 3.003703e-04
17218.7 0.000000e+00 0.000000e+00 0.000000e+00 0.000000e+00 0.000000e+00 0.000000e+00 9.741080e-05 1.775624e-04 5.685602e-04 9.011135e-04 1.717655e-04 9.023264e-05 1.177633e-04 8.417381e-05 2.261682e-04 6.920398e-05 1.712722e-04
17248.5 0.000000e+00 0.000000e+00 0.000000e+00 0.000000e+00 0.000000e+00 0.000000e+00 6.381299e-05 1.723011e-04 5.982519e-04 6.951193e-04 1.951563e-04 6.725880e-05 7.624610e-05 1.191381e-04 1.793750e-04 8.107303e-06 1.221184e-04
17279.4 0.000000e+00 0.000000e+00 0.000000e+00 0.000000e+00 0.000000e+00 0.000000e+00 3.473245e-05 1.096530e-04 6.332611e-04 5.817921e-04 1.849814e-04 3.206739e-05 5.059239e-05 1.551005e-04 1.309474e-04 3.459949e-06 1.364115e-04
17309.2 0.000000e+00 0.000000e+00 0.000000e+00 0.000000e+00 0.000000e+00 0.000000e+00 0.000000e+00 9.140412e-05 5.929359e-04 4.522913e-04 6.290177e-05 0.000000e+00 0.000000e+00 4.359632e-05 9.367559e-05 0.000000e+00 4.130793e-05
17339.1 0.000000e+00 0.000000e+00 0.000000e+00 0.000000e+00 0.000000e+00 0.000000e+00 0.000000e+00 2.197447e-04 8.122797e-04 3.578521e-04 3.862749e-05 2.541107e-05 8.992323e-06 1.043792e-04 1.549976e-04 1.085893e-06 6.913505e-05
17368.9 9.368908e-05 0.000000e+00 2.676111e-06 0.000000e+00 5.699038e-05 6.519273e-05 1.936810e-04 4.503185e-04 1.292917e-03 4.846785e-04 2.393383e-04 2.163917e-04 2.071167e-04 3.158977e-04 3.611170e-04 1.554467e-04 2.393411e-04
17398.7 4.333933e-05 0.000000e+00 0.000000e+00 0.000000e+00 7.203313e-05 1.118629e-05 1.962725e-04 4.368848e-04 1.395169e-03 4.450037e-04 2.557158e-04 1.689192e-04 2.270445e-04 3.017710e-04 3.634635e-04 1.295500e-04 2.016268e-04
17428.5 0.000000e+00 0.000000e+00 0.000000e+00 0.000000e+00 0.000000e+00 0.000000e+00 0.000000e+00 3.226419e-04 1.131761e-03 2.294770e-04 8.121688e-05 8.972823e-06 3.393421e-05 1.472643e-04 1.500892e-04 0.000000e+00 2.330369e-05
17459.4 0.000000e+00 0.000000e+00 0.000000e+00 0.000000e+00 0.000000e+00 0.000000e+00 0.000000e+00 3.029124e-04 9.412309e-04 9.669284e-05 0.000000e+00 0.000000e+00 4.751164e-06 1.379259e-04 4.680329e-05 0.000000e+00 0.000000e+00
17489.2 1.711915e-04 8.436664e-05 1.625903e-04 2.085354e-04 2.163336e-04 2.194009e-04 3.814349e-04 6.095264e-04 1.151269e-03 3.873769e-04 2.716086e-04 3.453448e-04 3.726606e-04 4.677561e-04 3.652155e-04 3.024324e-04 3.464973e-04
17519.0 1.944579e-04 1.734230e-04 2.549900e-04 3.396450e-04 3.149735e-04 2.732432e-04 5.356679e-04 7.395991e-04 1.237751e-03 4.171640e-04 3.955516e-04 4.248661e-04 5.031197e-04 5.647425e-04 4.841990e-04 4.294508e-04 4.794073e-04
17548.7 1.306277e-04 9.279654e-05 2.249253e-04 3.378077e-04 3.092870e-04 2.392573e-04 4.146686e-04 6.928415e-04 1.232889e-03 3.343280e-04 3.080223e-04 3.600992e-04 4.632975e-04 5.255329e-04 4.405434e-04 3.869485e-04 4.299868e-04
17578.5 4.004932e-05 0.000000e+00 7.181621e-05 2.403281e-04 1.675523e-04 1.328348e-04 2.715647e-04 5.962449e-04 1.060732e-03 2.010527e-04 1.352300e-04 2.188804e-04 3.649758e-04 3.697366e-04 3.071104e-04 2.084100e-04 2.735504e-04
17609.3 1.991335e-04 1.275486e-04 1.452998e-04 3.216919e-04 2.286171e-04 2.603955e-04 3.880271e-04 6.940960e-04 9.283381e-04 3.214642e-04 2.936083e-04 3.747731e-04 4.969653e-04 4.802533e-04 3.915243e-04 3.429163e-04 4.384432e-04
17639.1 4.600518e-04 4.244809e-04 4.103221e-04 5.236414e-04 4.806264e-04 4.814201e-04 6.632887e-04 9.165122e-04 9.664550e-04 6.141264e-04 6.300376e-04 6.673320e-04 7.037409e-04 7.789137e-04 6.482873e-04 6.196625e-04 7.542513e-04
17668.8 6.124483e-04 5.609062e-04 6.369534e-04 7.062433e-04 6.524827e-04 6.927191e-04 8.891987e-04 1.112378e-03 1.036295e-03 8.269951e-04 8.520205e-04 8.579563e-04 8.754845e-04 1.017610e-03 8.614443e-04 7.998772e-04 9.488827e-04
17698.5 2.995868e-04 2.951083e-04 3.394113e-04 4.467213e-04 3.536735e-04 4.272534e-04 6.692740e-04 9.500076e-04 6.955759e-04 5.373167e-04 5.403208e-04 5.334286e-04 6.303026e-04 7.421021e-04 5.549798e-04 4.866110e-04 6.673808e-04
17729.3 1.020342e-04 1.362347e-04 1.262799e-04 2.139246e-04 1.996411e-04 2.427208e-04 5.242044e-04 8.790442e-04 4.091701e-04 3.017122e-04 3.139784e-04 3.445682e-04 4.295145e-04 5.035897e-04 2.839635e-04 2.815244e-04 4.446610e-04
17759.1 2.578994e-04 2.873825e-04 3.057896e-04 3.381227e-04 3.349682e-04 3.889034e-04 6.008688e-04 1.057398e-03 5.321957e-04 4.378015e-04 4.254832e-04 4.364329e-04 4.821899e-04 5.967586e-04 4.057613e-04 3.709358e-04 4.494352e-04
17788.8 4.976499e-04 5.035111e-04 5.637120e-04 5.989561e-04 4.925879e-04 6.547497e-04 7.381200e-04 1.212296e-03 7.346194e-04 6.839846e-04 6.725457e-04 6.506117e-04 6.955943e-04 7.920270e-04 6.627714e-04 5.616841e-04 5.343196e-04
17818.5 6.316665e-04 6.637167e-04 7.191448e-04 7.459556e-04 6.109414e-04 7.425601e-04 7.655182e-04 1.157067e-03 7.887992e-04 8.006023e-04 7.533279e-04 7.851870e-04 8.496468e-04 8.773763e-04 7.901014e-04 6.805089e-04 6.161001e-04
17849.2 5.695702e-04 5.786691e-04 6.607786e-04 6.450454e-04 5.671673e-04 6.284782e-04 6.784141e-04 8.911425e-04 6.400198e-04 6.531273e-04 6.262951e-04 7.362344e-04 7.476388e-04 7.483541e-04 6.579231e-04 5.765111e-04 5.555299e-04
17878.9 4.639763e-04 4.990175e-04 5.295954e-04 5.191326e-04 4.748646e-04 4.859556e-04 5.331172e-04 6.456697e-04 5.003771e-04 5.332127e-04 5.086541e-04 6.306915e-04 5.968999e-04 6.020032e-04 5.548673e-04 4.460450e-04 4.579664e-04
17908.6 3.939658e-04 4.175174e-04 4.259190e-04 4.122086e-04 3.852470e-04 3.567619e-04 4.238501e-04 4.927950e-04 3.884878e-04 4.519636e-04 4.164087e-04 4.523847e-04 4.854286e-04 4.557946e-04 4.508798e-04 3.753647e-04 3.621600e-04
17939.4 3.472569e-04 3.351118e-04 3.393603e-04 2.973982e-04 3.108603e-04 2.682339e-04 3.082609e-04 3.688924e-04 2.862956e-04 3.244542e-04 2.983242e-04 2.759429e-04 3.643391e-04 2.984143e-04 3.328166e-04 3.580585e-04 3.021414e-04
17969.0 1.595186e-04 5.359900e-05 1.422845e-04 8.761970e-05 1.012992e-04 9.515462e-05 1.379314e-04 1.514340e-04 8.330572e-05 9.022448e-05 9.143506e-05 8.151833e-05 1.330355e-04 6.727321e-05 9.116765e-05 1.268430e-04 7.724673e-05
17998.7 9.111428e-05 0.000000e+00 6.637773e-05 1.145937e-05 5.468992e-05 3.205586e-05 1.078978e-04 5.223179e-05 3.103924e-06 1.580891e-05 1.550655e-05 4.557777e-05 2.070885e-05 0.000000e+00 9.306468e-06 1.190179e-05 0.000000e+00
18029.4 0.000000e+00 0.000000e+00 0.000000e+00 0.000000e+00 0.000000e+00 0.000000e+00 0.000000e+00 0.000000e+00 0.000000e+00 0.000000e+00 0.000000e+00 0.000000e+00 0.000000e+00 0.000000e+00 0.000000e+00 0.000000e+00 0.000000e+00
18059.0 0.000000e+00 0.000000e+00 0.000000e+00 0.000000e+00 0.000000e+00 0.000000e+00 0.000000e+00 0.000000e+00 0.000000e+00 0.000000e+00 0.000000e+00 0.000000e+00 0.000000e+00 0.000000e+00 0.000000e+00 0.000000e+00 0.000000e+00
18088.7 0.000000e+00 0.000000e+00 0.000000e+00 0.000000e+00 0.000000e+00 0.000000e+00 0.000000e+00 0.000000e+00 0.000000e+00 0.000000e+00 0.000000e+00 0.000000e+00 0.000000e+00 0.000000e+00 0.000000e+00 0.000000e+00 0.000000e+00
18119.4 3.776237e-05 3.240630e-06 0.000000e+00 6.833981e-05 3.551095e-05 5.506289e-05 1.667244e-04 1.466683e-04 0.000000e+00 0.000000e+00 7.480079e-05 0.000000e+00 0.000000e+00 0.000000e+00 0.000000e+00 0.000000e+00 5.374689e-05
18149.0 2.545484e-05 2.137024e-05 0.000000e+00 5.948958e-05 1.528837e-05 5.256031e-05 1.292886e-04 1.191116e-04 0.000000e+00 0.000000e+00 5.964459e-05 0.000000e+00 0.000000e+00 0.000000e+00 0.000000e+00 0.000000e+00 2.232401e-05
18178.6 0.000000e+00 0.000000e+00 0.000000e+00 0.000000e+00 0.000000e+00 0.000000e+00 0.000000e+00 0.000000e+00 0.000000e+00 0.000000e+00 0.000000e+00 0.000000e+00 0.000000e+00 0.000000e+00 0.000000e+00 0.000000e+00 0.000000e+00
